0.979419 0.005600 0.014961 0.000010 0.000010
0.955331 0.000010 0.008726 0.000010 0.035923
0.976685 0.000010 0.023285 0.000010 0.000010
0.975142 0.005562 0.004077 0.000010 0.015209
0.995447 0.004523 0.000010 0.000010 0.000010
0.954678 0.000010 0.019880 0.000010 0.025421
0.991569 0.000010 0.000760 0.000010 0.007651
0.976653 0.000010 0.023317 0.000010 0.000010
0.946118 0.000010 0.018142 0.000010 0.035720
0.972362 0.011675 0.015943 0.000010 0.000010
0.977655 0.000010 0.022315 0.000010 0.000010
0.989600 0.000010 0.010370 0.000010 0.000010
0.967900 0.007380 0.024700 0.000010 0.000010
0.961588 0.000010 0.013565 0.000010 0.024827
0.968564 0.000010 0.024044 0.000010 0.007372
0.970252 0.011055 0.003626 0.000010 0.015056
0.981980 0.017990 0.000010 0.000010 0.000010
0.998224 0.000010 0.001746 0.000010 0.000010
0.996773 0.000010 0.003197 0.000010 0.000010
0.961135 0.000010 0.027556 0.000010 0.011290
0.992768 0.000010 0.007202 0.000010 0.000010
0.977627 0.003304 0.005352 0.000010 0.013708
0.995416 0.000010 0.000010 0.000010 0.004554
0.993495 0.000010 0.006475 0.000010 0.000010
0.969079 0.000010 0.030891 0.000010 0.000010
0.999257 0.000010 0.000010 0.000010 0.000713
0.963530 0.000010 0.019422 0.000010 0.017028
0.998034 0.000010 0.000010 0.000010 0.001936
0.960291 0.000010 0.000010 0.000010 0.039679
0.969191 0.013567 0.000010 0.000010 0.017222
0.993682 0.000010 0.006288 0.000010 0.000010
0.974020 0.000010 0.000010 0.000010 0.025950
0.974704 0.000010 0.019569 0.000010 0.005706
0.987515 0.000010 0.000963 0.000010 0.011502
0.999960 0.000010 0.000010 0.000010 0.000010
0.988904 0.000010 0.011066 0.000010 0.000010
0.972647 0.020167 0.007166 0.000010 0.000010
0.969649 0.000010 0.030321 0.000010 0.000010
0.974074 0.007242 0.011857 0.000010 0.006817
0.984296 0.000010 0.007213 0.000010 0.008471
0.994212 0.000010 0.005758 0.000010 0.000010
0.995245 0.000010 0.004725 0.000010 0.000010
0.969508 0.000010 0.020034 0.000010 0.010438
0.969769 0.000010 0.014952 0.002512 0.012758
0.999469 0.000010 0.000501 0.000010 0.000010
0.981350 0.000728 0.013555 0.000010 0.004357
0.984470 0.013092 0.002418 0.000010 0.000010
0.990665 0.000010 0.009305 0.000010 0.000010
0.987093 0.000010 0.012877 0.000010 0.000010
0.999960 0.000010 0.000010 0.000010 0.000010
0.964668 0.005216 0.022236 0.000010 0.007870
0.991180 0.008790 0.000010 0.000010 0.000010
0.963844 0.000010 0.036126 0.000010 0.000010
0.984443 0.002404 0.013133 0.000010 0.000010
0.999960 0.000010 0.000010 0.000010 0.000010
0.890888 0.079186 0.029906 0.000010 0.000010
0.937455 0.034430 0.028095 0.000010 0.000010
0.916272 0.061711 0.021996 0.000010 0.000010
0.891231 0.074489 0.034260 0.000010 0.000010
0.918215 0.049845 0.031921 0.000010 0.000010
0.912577 0.047792 0.039611 0.000010 0.000010
0.911502 0.064735 0.023743 0.000010 0.000010
0.884287 0.081519 0.018172 0.000010 0.016011
0.870832 0.020390 0.020364 0.000010 0.088404
0.861157 0.053750 0.051916 0.000010 0.033167
0.880041 0.059229 0.024630 0.000010 0.036090
0.893756 0.076844 0.029380 0.000010 0.000010
0.900677 0.050132 0.049171 0.000010 0.000010
0.891067 0.083765 0.025148 0.000010 0.000010
0.910980 0.043143 0.039453 0.000010 0.006414
0.922503 0.068794 0.008682 0.000010 0.000010
0.915208 0.065592 0.019180 0.000010 0.000010
0.977717 0.000010 0.022253 0.000010 0.000010
0.999960 0.000010 0.000010 0.000010 0.000010
0.993981 0.003511 0.002488 0.000010 0.000010
0.997193 0.000010 0.002777 0.000010 0.000010
0.974353 0.000010 0.008774 0.000010 0.016853
0.975158 0.005436 0.019386 0.000010 0.000010
0.987600 0.011979 0.000010 0.000010 0.000401
0.983012 0.000010 0.016958 0.000010 0.000010
0.991636 0.000010 0.008334 0.000010 0.000010
0.988297 0.002412 0.009086 0.000010 0.000194
0.962890 0.002875 0.034215 0.000010 0.000010
0.981146 0.000010 0.000010 0.000010 0.018824
0.988564 0.000010 0.002930 0.000010 0.008485
0.986416 0.000010 0.013554 0.000010 0.000010
0.966353 0.019946 0.001140 0.000010 0.012551
0.968913 0.000010 0.008441 0.000010 0.022626
0.985131 0.012157 0.000010 0.000010 0.002693
0.999959 0.000010 0.000011 0.000010 0.000010
0.992572 0.000010 0.007398 0.000010 0.000010
0.970946 0.000010 0.006479 0.000010 0.022556
0.965886 0.022594 0.005928 0.000010 0.005582
0.996524 0.003177 0.000278 0.000010 0.000010
0.973074 0.000010 0.008863 0.000010 0.018043
0.978645 0.000010 0.013976 0.000010 0.007359
0.992605 0.000010 0.000010 0.000010 0.007365
0.995474 0.000010 0.004496 0.000010 0.000010
0.956818 0.001945 0.000010 0.000010 0.041217
0.977924 0.000010 0.022046 0.000010 0.000010
0.988388 0.000010 0.000010 0.000010 0.011582
0.968924 0.000010 0.023138 0.000010 0.007918
0.996932 0.000010 0.003038 0.000010 0.000010
0.915401 0.040086 0.025355 0.000010 0.019148
0.885092 0.066635 0.038279 0.000010 0.009983
0.914019 0.057984 0.027978 0.000010 0.000010
0.921816 0.038967 0.039197 0.000010 0.000010
0.896897 0.045771 0.036768 0.000010 0.020554
0.890529 0.063842 0.035898 0.000010 0.009720
0.912267 0.087703 0.000010 0.000010 0.000010
0.925720 0.036109 0.038151 0.000010 0.000010
0.933660 0.057729 0.005120 0.000010 0.003481
0.893053 0.083971 0.022956 0.000010 0.000010
0.941590 0.027289 0.031101 0.000010 0.000010
0.921056 0.037813 0.026961 0.000010 0.014160
0.904605 0.030181 0.055725 0.000010 0.009479
0.933775 0.035994 0.030211 0.000010 0.000010
0.924689 0.067033 0.008258 0.000010 0.000010
0.911991 0.072715 0.015274 0.000010 0.000010
0.877921 0.072161 0.049898 0.000010 0.000010
0.877790 0.034933 0.031216 0.000010 0.056051
0.864711 0.029479 0.051783 0.000010 0.054017
0.916739 0.070325 0.012916 0.000010 0.000010
0.926455 0.052066 0.021459 0.000010 0.000010
0.887716 0.067035 0.030127 0.000010 0.015112
0.916143 0.079449 0.004388 0.000010 0.000010
0.936986 0.038673 0.024321 0.000010 0.000010
0.924839 0.038085 0.037056 0.000010 0.000010
0.904196 0.057749 0.038035 0.000010 0.000010
0.908316 0.053198 0.038466 0.000010 0.000010
0.948063 0.041906 0.010011 0.000010 0.000010
0.908243 0.091061 0.000676 0.000010 0.000010
0.943062 0.020930 0.035988 0.000010 0.000010
0.884443 0.050018 0.031537 0.000010 0.033991
0.916612 0.043624 0.039744 0.000010 0.000010
0.900421 0.062590 0.036969 0.000010 0.000010
0.895114 0.085953 0.018913 0.000010 0.000010
0.934688 0.038955 0.026336 0.000010 0.000010
0.909012 0.066746 0.024222 0.000010 0.000010
0.927316 0.045652 0.027012 0.000010 0.000010
0.920357 0.046573 0.014453 0.000010 0.018606
0.920247 0.054234 0.025500 0.000010 0.000010
0.908970 0.053158 0.037852 0.000010 0.000010
0.920885 0.028496 0.029768 0.000010 0.020841
0.935741 0.038709 0.021125 0.000010 0.004415
0.933783 0.046238 0.019959 0.000010 0.000010
0.889180 0.072507 0.038293 0.000010 0.000010
0.932997 0.046905 0.020078 0.000010 0.000010
0.910699 0.030862 0.022520 0.000010 0.035908
0.927235 0.049677 0.020581 0.000010 0.002498
0.897780 0.031246 0.042080 0.005812 0.023082
0.907350 0.078127 0.014503 0.000010 0.000010
0.913703 0.021983 0.056932 0.000010 0.007372
0.942450 0.019438 0.032156 0.000010 0.005946
0.897420 0.070985 0.019987 0.000010 0.011597
0.913471 0.040104 0.046404 0.000010 0.000010
0.898111 0.074681 0.027188 0.000010 0.000010
0.968693 0.021206 0.010081 0.000010 0.000010
0.933159 0.048273 0.018547 0.000010 0.000010
0.932030 0.047216 0.020734 0.000010 0.000010
0.932603 0.048598 0.018780 0.000010 0.000010
0.924234 0.052877 0.022869 0.000010 0.000010
0.925086 0.049180 0.025714 0.000010 0.000010
0.878540 0.064351 0.057089 0.000010 0.000010
0.879741 0.040183 0.042940 0.000010 0.037125
0.888665 0.056891 0.044022 0.000010 0.010412
0.941906 0.045538 0.012536 0.000010 0.000010
0.926094 0.053953 0.019933 0.000010 0.000010
0.893019 0.075736 0.031225 0.000010 0.000010
0.909726 0.042181 0.035230 0.000010 0.012853
0.890885 0.076038 0.033057 0.000010 0.000010
0.894214 0.071532 0.034234 0.000010 0.000010
0.903847 0.080475 0.012407 0.000010 0.003260
0.921791 0.073311 0.004878 0.000010 0.000010
0.927631 0.052236 0.005753 0.000010 0.014370
0.916363 0.060361 0.022763 0.000010 0.000503
0.897237 0.085326 0.017417 0.000010 0.000010
0.949105 0.036921 0.013954 0.000010 0.000010
0.913909 0.077595 0.008476 0.000010 0.000010
0.916895 0.058309 0.010443 0.000010 0.014343
0.946647 0.043476 0.009857 0.000010 0.000010
0.943734 0.031776 0.024470 0.000010 0.000010
0.886626 0.039605 0.048601 0.000010 0.025157
0.936352 0.044168 0.019460 0.000010 0.000010
0.935521 0.041752 0.022707 0.000010 0.000010
0.000010 0.976745 0.023225 0.000010 0.000010
0.000010 0.982980 0.016990 0.000010 0.000010
0.000010 0.999960 0.000010 0.000010 0.000010
0.000010 0.983365 0.016605 0.000010 0.000010
0.000010 0.986049 0.004935 0.000010 0.008996
0.000010 0.999960 0.000010 0.000010 0.000010
0.000010 0.999960 0.000010 0.000010 0.000010
0.006620 0.993071 0.000289 0.000010 0.000010
0.000010 0.999960 0.000010 0.000010 0.000010
0.000010 0.999960 0.000010 0.000010 0.000010
0.000010 0.985680 0.014290 0.000010 0.000010
0.000010 0.991213 0.008757 0.000010 0.000010
0.000010 0.999960 0.000010 0.000010 0.000010
0.000010 0.981540 0.018430 0.000010 0.000010
0.000010 0.999960 0.000010 0.000010 0.000010
0.000010 0.998628 0.001342 0.000010 0.000010
0.000010 0.979879 0.020091 0.000010 0.000010
0.000010 0.999960 0.000010 0.000010 0.000010
0.005748 0.975435 0.018797 0.000010 0.000010
0.000010 0.989409 0.010561 0.000010 0.000010
0.000010 0.993452 0.006518 0.000010 0.000010
0.000010 0.992503 0.007467 0.000010 0.000010
0.000010 0.998411 0.001559 0.000010 0.000010
0.000010 0.984824 0.015146 0.000010 0.000010
0.003900 0.996070 0.000010 0.000010 0.000010
0.000010 0.993328 0.006642 0.000010 0.000010
0.000010 0.999960 0.000010 0.000010 0.000010
0.000010 0.999960 0.000010 0.000010 0.000010
0.000010 0.994500 0.005470 0.000010 0.000010
0.000010 0.999960 0.000010 0.000010 0.000010
0.000010 0.995811 0.000010 0.000010 0.004159
0.000010 0.999960 0.000010 0.000010 0.000010
0.000010 0.992968 0.007002 0.000010 0.000010
0.008009 0.989582 0.000010 0.000010 0.002390
0.000010 0.999960 0.000010 0.000010 0.000010
0.000010 0.993647 0.006323 0.000010 0.000010
0.000010 0.999960 0.000010 0.000010 0.000010
0.000010 0.999960 0.000010 0.000010 0.000010
0.000010 0.968463 0.031507 0.000010 0.000010
0.006514 0.981246 0.010825 0.000010 0.001405
0.000010 0.985788 0.014182 0.000010 0.000010
0.002073 0.978821 0.019086 0.000010 0.000010
0.763174 0.009833 0.137890 0.089093 0.000010
0.553290 0.000010 0.212326 0.185817 0.048557
0.747942 0.000010 0.127080 0.085970 0.038999
0.000010 0.990390 0.009580 0.000010 0.000010
0.000010 0.998014 0.001956 0.000010 0.000010
0.000010 0.988956 0.011014 0.000010 0.000010
0.000010 0.996865 0.003105 0.000010 0.000010
0.000010 0.999960 0.000010 0.000010 0.000010
0.004630 0.995339 0.000010 0.000010 0.000010
0.000010 0.995907 0.003623 0.000010 0.000450
0.005746 0.989551 0.004684 0.000010 0.000010
0.000010 0.999960 0.000010 0.000010 0.000010
0.000010 0.990854 0.009116 0.000010 0.000010
0.000010 0.992248 0.007722 0.000010 0.000010
0.006338 0.990410 0.000010 0.000010 0.003232
0.000010 0.975728 0.024242 0.000010 0.000010
0.000010 0.999960 0.000010 0.000010 0.000010
0.000010 0.999960 0.000010 0.000010 0.000010
0.000010 0.999960 0.000010 0.000010 0.000010
0.000010 0.998665 0.001305 0.000010 0.000010
0.000010 0.999960 0.000010 0.000010 0.000010
0.000010 0.997153 0.002817 0.000010 0.000010
0.000010 0.993860 0.006110 0.000010 0.000010
0.000010 0.981349 0.018621 0.000010 0.000010
0.000010 0.965193 0.034777 0.000010 0.000010
0.000010 0.999960 0.000010 0.000010 0.000010
0.000010 0.994151 0.005819 0.000010 0.000010
0.000010 0.984579 0.015391 0.000010 0.000010
0.000010 0.999960 0.000010 0.000010 0.000010
0.000010 0.999960 0.000010 0.000010 0.000010
0.000010 0.984396 0.015574 0.000010 0.000010
0.000010 0.978477 0.008001 0.000010 0.013501
0.000010 0.999960 0.000010 0.000010 0.000010
0.000010 0.986133 0.013837 0.000010 0.000010
0.000010 0.992706 0.007264 0.000010 0.000010
0.000010 0.999960 0.000010 0.000010 0.000010
0.002911 0.997059 0.000010 0.000010 0.000010
0.000010 0.999960 0.000010 0.000010 0.000010
0.710832 0.001041 0.107160 0.143184 0.037783
0.681035 0.025739 0.123969 0.169247 0.000010
0.795131 0.018975 0.106279 0.079200 0.000415
0.731545 0.000010 0.139226 0.080512 0.048706
0.000010 0.999960 0.000010 0.000010 0.000010
0.000010 0.990131 0.009839 0.000010 0.000010
0.000010 0.984533 0.000010 0.000010 0.015437
0.000010 0.995617 0.004353 0.000010 0.000010
0.000010 0.999960 0.000010 0.000010 0.000010
0.000010 0.983718 0.009815 0.000010 0.006447
0.000010 0.994725 0.005245 0.000010 0.000010
0.000010 0.988299 0.011671 0.000010 0.000010
0.000010 0.999960 0.000010 0.000010 0.000010
0.000010 0.999960 0.000010 0.000010 0.000010
0.000010 0.999960 0.000010 0.000010 0.000010
0.000010 0.999960 0.000010 0.000010 0.000010
0.000010 0.999960 0.000010 0.000010 0.000010
0.000010 0.999960 0.000010 0.000010 0.000010
0.000010 0.999960 0.000010 0.000010 0.000010
0.000010 0.999960 0.000010 0.000010 0.000010
0.000010 0.988602 0.000021 0.000010 0.011358
0.001554 0.998416 0.000010 0.000010 0.000010
0.007844 0.991017 0.000010 0.000010 0.001118
0.000010 0.983815 0.016155 0.000010 0.000010
0.000010 0.999960 0.000010 0.000010 0.000010
0.000010 0.999960 0.000010 0.000010 0.000010
0.000010 0.999960 0.000010 0.000010 0.000010
0.000010 0.999960 0.000010 0.000010 0.000010
0.004062 0.992127 0.003790 0.000010 0.000010
0.000010 0.999960 0.000010 0.000010 0.000010
0.000010 0.984181 0.000010 0.000010 0.015789
0.000010 0.999960 0.000010 0.000010 0.000010
0.856283 0.004280 0.092747 0.035813 0.010877
0.783226 0.000010 0.148748 0.045538 0.022479
0.663324 0.000476 0.216490 0.119700 0.000010
0.804990 0.000010 0.118734 0.076256 0.000010
0.818663 0.000010 0.100538 0.080779 0.000010
0.878316 0.007871 0.056685 0.057118 0.000010
0.730893 0.023959 0.134204 0.110934 0.000010
0.864463 0.000010 0.061580 0.060616 0.013330
0.671306 0.006299 0.212185 0.086759 0.023451
0.000010 0.993428 0.000010 0.000010 0.006542
0.000010 0.997975 0.000010 0.000010 0.001995
0.009855 0.975891 0.000010 0.000010 0.014233
0.000010 0.977673 0.007957 0.000010 0.014350
0.000010 0.970331 0.000010 0.000010 0.029639
0.000010 0.998147 0.001823 0.000010 0.000010
0.000010 0.999960 0.000010 0.000010 0.000010
0.000010 0.986688 0.000010 0.000010 0.013282
0.007918 0.978981 0.000010 0.000010 0.013081
0.000010 0.978330 0.000010 0.000010 0.021640
0.005185 0.994785 0.000010 0.000010 0.000010
0.000010 0.987191 0.000010 0.000010 0.012779
0.000010 0.987865 0.000010 0.000010 0.012105
0.000010 0.979877 0.000010 0.000010 0.020093
0.000010 0.977089 0.008232 0.000010 0.014659
0.829412 0.000010 0.078817 0.076560 0.015201
0.745638 0.013203 0.131590 0.109559 0.000010
0.605846 0.000010 0.163863 0.226971 0.003310
0.561550 0.010980 0.204596 0.222865 0.000010
0.607576 0.004010 0.170416 0.217988 0.000010
0.767694 0.000010 0.172590 0.059696 0.000010
0.744965 0.000010 0.102394 0.130221 0.022411
0.689907 0.000010 0.168355 0.141717 0.000010
0.771474 0.018707 0.106339 0.083110 0.020370
0.770687 0.000010 0.166575 0.062717 0.000010
0.498036 0.015313 0.142391 0.344250 0.000010
0.709705 0.005213 0.116006 0.169065 0.000010
0.803103 0.006548 0.124152 0.056573 0.009625
0.761997 0.000010 0.132331 0.086430 0.019232
0.676820 0.000010 0.165411 0.106553 0.051205
0.759129 0.000010 0.176387 0.052652 0.011822
0.782321 0.000010 0.143597 0.074062 0.000010
0.768427 0.019494 0.126572 0.085497 0.000010
0.843303 0.030897 0.040435 0.085355 0.000010
0.584384 0.015754 0.160913 0.200005 0.038944
0.670208 0.004786 0.130194 0.172413 0.022400
0.693201 0.000010 0.220882 0.084391 0.001516
0.623862 0.013617 0.136499 0.205241 0.020780
0.709444 0.006377 0.153737 0.104277 0.026164
0.690745 0.001510 0.110604 0.129749 0.067392
0.654636 0.000010 0.186145 0.129020 0.030189
0.693345 0.000010 0.122130 0.184505 0.000010
0.709896 0.000010 0.133120 0.156965 0.000010
0.571835 0.001653 0.112785 0.251828 0.061899
0.731891 0.021054 0.109727 0.116344 0.020983
0.754051 0.000010 0.129783 0.116146 0.000010
0.741984 0.000010 0.154723 0.088916 0.014367
0.741825 0.000010 0.143035 0.103588 0.011542
0.679268 0.000010 0.162140 0.158572 0.000010
0.691450 0.000010 0.130631 0.177899 0.000010
0.768180 0.000010 0.119005 0.089774 0.023032
0.825412 0.000010 0.090061 0.079025 0.005493
0.649275 0.000010 0.113070 0.237635 0.000010
0.277612 0.027993 0.070554 0.623831 0.000010
0.712880 0.000010 0.129684 0.120498 0.036928
0.719399 0.001052 0.156948 0.122592 0.000010
0.878714 0.000010 0.072397 0.023974 0.024906
0.674759 0.011130 0.278848 0.014179 0.021084
0.833514 0.000010 0.132958 0.033508 0.000010
0.622779 0.000010 0.329999 0.047203 0.000010
0.685630 0.000010 0.209879 0.071246 0.033234
0.537756 0.000010 0.306880 0.155344 0.000010
0.619426 0.000010 0.239860 0.096677 0.044026
0.649801 0.011993 0.255123 0.063583 0.019500
0.682210 0.003013 0.233521 0.071013 0.010244
0.811555 0.000010 0.157198 0.023728 0.007508
0.639809 0.009054 0.232922 0.118205 0.000010
0.617491 0.010044 0.278192 0.094263 0.000010
0.604723 0.000010 0.351133 0.017203 0.026931
0.500205 0.002392 0.325318 0.172075 0.000010
0.640463 0.000010 0.257585 0.047008 0.054934
0.443474 0.000010 0.367456 0.188582 0.000477
0.693429 0.000010 0.245546 0.061005 0.000010
0.418455 0.000010 0.454308 0.098575 0.028652
0.606566 0.037255 0.161894 0.190549 0.003736
0.679929 0.000394 0.190365 0.103980 0.025333
0.766466 0.000010 0.138860 0.094654 0.000010
0.617988 0.010711 0.127947 0.243344 0.000010
0.831591 0.000010 0.083973 0.029161 0.055264
0.716511 0.024490 0.139767 0.119221 0.000010
0.643870 0.002856 0.144097 0.173814 0.035364
0.860247 0.003311 0.050877 0.085555 0.000010
0.828806 0.000010 0.114391 0.056784 0.000010
0.722758 0.024275 0.145513 0.090259 0.017196
0.718643 0.005432 0.196529 0.079386 0.000010
0.712429 0.006527 0.154929 0.126105 0.000010
0.698699 0.004442 0.165057 0.131793 0.000010
0.547023 0.000010 0.278906 0.174051 0.000010
0.530167 0.000010 0.193877 0.194114 0.081832
0.603208 0.015621 0.234419 0.146742 0.000010
0.650249 0.008695 0.210632 0.087325 0.043098
0.786411 0.000010 0.147382 0.066187 0.000010
0.661131 0.000010 0.134791 0.177091 0.026978
0.819748 0.000010 0.117430 0.046954 0.015858
0.724138 0.004149 0.122825 0.111248 0.037641
0.714375 0.000010 0.122838 0.123655 0.039122
0.240150 0.000010 0.066506 0.685934 0.007400
0.412467 0.007326 0.063536 0.493168 0.023503
0.574911 0.000010 0.176933 0.197646 0.050500
0.740381 0.000010 0.124071 0.102843 0.032695
0.581342 0.000010 0.335571 0.083067 0.000010
0.682496 0.000010 0.276642 0.019312 0.021539
0.717288 0.000010 0.234923 0.047769 0.000010
0.505470 0.000010 0.295110 0.176265 0.023144
0.800016 0.007764 0.183464 0.008747 0.000010
0.668248 0.000010 0.320483 0.011249 0.000010
0.822713 0.011072 0.135449 0.030757 0.000010
0.550118 0.000010 0.324253 0.125609 0.000010
0.645484 0.000010 0.276098 0.078397 0.000010
0.630917 0.000010 0.272298 0.081154 0.015621
0.479934 0.019417 0.312861 0.171991 0.015797
0.918040 0.003349 0.064719 0.013882 0.000010
0.615812 0.000010 0.344987 0.015907 0.023283
0.713447 0.000010 0.259608 0.026925 0.000010
0.683277 0.006344 0.237877 0.034336 0.038165
0.677956 0.029596 0.205745 0.071411 0.015292
0.643978 0.000010 0.130131 0.221928 0.003953
0.639876 0.020413 0.181032 0.115363 0.043317
0.647504 0.015266 0.191423 0.117699 0.028107
0.624395 0.009331 0.168869 0.171180 0.026225
0.578865 0.007482 0.164351 0.243132 0.006171
0.811361 0.004330 0.094977 0.089323 0.000010
0.764148 0.000010 0.107629 0.128203 0.000010
0.707118 0.000010 0.167818 0.108302 0.016753
0.764424 0.000010 0.096592 0.131146 0.007828
0.710321 0.000010 0.188758 0.100900 0.000010
0.962654 0.000756 0.011348 0.000010 0.025232
0.431509 0.002878 0.565592 0.000010 0.000010
0.366383 0.003737 0.232459 0.377249 0.020172
0.559479 0.001536 0.389535 0.046862 0.002589
0.691343 0.000010 0.223379 0.063554 0.021715
0.541663 0.031201 0.381187 0.045938 0.000010
0.493946 0.000010 0.397084 0.078809 0.030150
0.644827 0.000010 0.297453 0.002651 0.055059
0.776991 0.000010 0.189102 0.033336 0.000562
0.811500 0.001421 0.149821 0.012173 0.025085
0.619625 0.000010 0.303489 0.061592 0.015285
0.652879 0.037065 0.295070 0.014976 0.000010
0.650680 0.005565 0.237274 0.044078 0.062403
0.667310 0.025542 0.215689 0.073667 0.017792
0.621557 0.046710 0.197373 0.134350 0.000010
0.485218 0.010953 0.320091 0.183728 0.000010
0.562297 0.005360 0.286046 0.139061 0.007236
0.577210 0.011978 0.276906 0.105957 0.027949
0.341268 0.010961 0.499200 0.141206 0.007364
0.630558 0.007725 0.321210 0.040497 0.000010
0.703995 0.004367 0.274638 0.011382 0.005618
0.532761 0.016071 0.309165 0.141993 0.000010
0.553885 0.001175 0.308683 0.101439 0.034818
0.535484 0.021040 0.390584 0.044150 0.008742
0.721071 0.000010 0.229799 0.028889 0.020231
0.694021 0.016833 0.239321 0.049815 0.000010
0.797855 0.000010 0.139871 0.062254 0.000010
0.404509 0.007502 0.288281 0.282738 0.016969
0.642442 0.000010 0.191939 0.165599 0.000010
0.630511 0.000010 0.164467 0.205002 0.000010
0.792516 0.000010 0.129895 0.077569 0.000010
0.606115 0.000010 0.179105 0.173368 0.041403
0.617176 0.000010 0.187685 0.161543 0.033586
0.627237 0.000010 0.198256 0.174487 0.000010
0.639374 0.006494 0.180451 0.173672 0.000010
0.740231 0.015293 0.120820 0.099719 0.023938
0.667585 0.000010 0.232835 0.077876 0.021694
0.650550 0.000010 0.186193 0.132250 0.030998
0.703420 0.000010 0.154013 0.142547 0.000010
0.591320 0.000010 0.249160 0.109184 0.050326
0.686914 0.010763 0.233379 0.030387 0.038557
0.429241 0.004593 0.509463 0.046231 0.010472
0.826443 0.000010 0.132534 0.013691 0.027322
0.897190 0.004464 0.042014 0.015670 0.040662
0.590471 0.005553 0.229899 0.174067 0.000010
0.566618 0.009438 0.406925 0.017008 0.000010
0.351159 0.000010 0.586806 0.061693 0.000332
0.581389 0.008158 0.300414 0.110029 0.000010
0.647542 0.046352 0.240668 0.065428 0.000010
0.553258 0.013168 0.407454 0.026110 0.000010
0.561536 0.010750 0.378763 0.048942 0.000010
0.521108 0.027580 0.386970 0.043835 0.020507
0.418188 0.001447 0.389142 0.176503 0.014719
0.375408 0.010534 0.317266 0.281614 0.015179
0.465484 0.000010 0.324246 0.179993 0.030267
0.793856 0.000010 0.186531 0.019593 0.000010
0.770057 0.000010 0.195383 0.014185 0.020364
0.809009 0.000010 0.171075 0.016312 0.003595
0.838666 0.000010 0.131520 0.029795 0.000010
0.358805 0.019284 0.259553 0.354057 0.008301
0.578233 0.021193 0.356757 0.034868 0.008949
0.701388 0.006030 0.130243 0.162329 0.000010
0.832737 0.000010 0.135194 0.016455 0.015604
0.820206 0.000010 0.154005 0.015778 0.010000
0.757543 0.000010 0.211101 0.031336 0.000010
0.451036 0.000010 0.426467 0.092745 0.029742
0.464909 0.028297 0.363328 0.119534 0.023933
0.595181 0.000010 0.370287 0.034513 0.000010
0.567235 0.005717 0.369689 0.056285 0.001075
0.947788 0.000010 0.014589 0.017421 0.020191
0.947872 0.003928 0.001336 0.033589 0.013275
0.959498 0.000010 0.017499 0.017240 0.005752
0.975597 0.010589 0.000010 0.013794 0.000010
0.981743 0.000010 0.000010 0.018227 0.000010
0.983914 0.000010 0.000010 0.016056 0.000010
0.946131 0.000010 0.000010 0.018944 0.034905
0.954506 0.003357 0.001964 0.023537 0.016636
0.991562 0.000233 0.005179 0.003016 0.000010
0.970894 0.004011 0.016316 0.008769 0.000010
0.999960 0.000010 0.000010 0.000010 0.000010
0.991422 0.005018 0.000010 0.003539 0.000010
0.994310 0.000010 0.000671 0.004998 0.000010
0.999960 0.000010 0.000010 0.000010 0.000010
0.999960 0.000010 0.000010 0.000010 0.000010
0.994877 0.000010 0.005093 0.000010 0.000010
0.976943 0.005471 0.000010 0.017566 0.000010
0.968138 0.000010 0.000010 0.014435 0.017407
0.938515 0.010393 0.000010 0.029684 0.021399
0.973249 0.000010 0.003176 0.023555 0.000010
0.975639 0.000010 0.000010 0.019937 0.004404
0.980142 0.000010 0.000010 0.016004 0.003835
0.962108 0.011533 0.004370 0.021979 0.000010
0.979493 0.004239 0.000598 0.009150 0.006521
0.697940 0.023574 0.211006 0.067470 0.000010
0.366650 0.002167 0.242145 0.389027 0.000010
0.375028 0.015838 0.312019 0.219920 0.077196
0.267169 0.016470 0.709447 0.000010 0.006903
0.523122 0.018062 0.455411 0.003395 0.000010
0.303836 0.000010 0.694135 0.000010 0.002009
0.000010 0.000010 0.999960 0.000010 0.000010
0.453211 0.000010 0.457560 0.062800 0.026419
0.348395 0.000010 0.651575 0.000010 0.000010
0.260641 0.003238 0.011786 0.000010 0.724325
0.268864 0.032664 0.039366 0.000010 0.659096
0.274168 0.000010 0.027310 0.000010 0.698502
0.306449 0.000010 0.010361 0.000010 0.683170
0.000010 0.974119 0.000010 0.000010 0.025851
0.008724 0.970851 0.000010 0.000010 0.020405
0.000010 0.993081 0.000010 0.000010 0.006889
0.000010 0.985544 0.003983 0.000010 0.010453
0.000010 0.971039 0.000010 0.000010 0.028931
0.000010 0.972807 0.013549 0.000010 0.013624
0.949573 0.026059 0.000010 0.024348 0.000010
0.953794 0.004578 0.000633 0.014049 0.026947
0.965677 0.015295 0.007195 0.004884 0.006948
0.961571 0.000010 0.016972 0.021437 0.000010
0.968980 0.004094 0.002330 0.009081 0.015515
0.964918 0.007993 0.000010 0.016104 0.010976
0.972595 0.000016 0.000010 0.024292 0.003086
0.966155 0.011571 0.000010 0.021205 0.001059
0.972947 0.000010 0.000010 0.000124 0.026909
0.981722 0.000010 0.000010 0.009817 0.008440
0.961507 0.006831 0.010557 0.021094 0.000010
0.960322 0.004557 0.018781 0.016329 0.000010
0.967063 0.000010 0.000010 0.016265 0.016652
0.970223 0.002835 0.000010 0.019140 0.007792
0.976166 0.000010 0.000010 0.023804 0.000010
0.968241 0.000010 0.004841 0.019023 0.007885
0.991486 0.000010 0.000010 0.008484 0.000010
0.949848 0.009819 0.003244 0.025502 0.011587
0.935585 0.000010 0.000010 0.062950 0.001446
0.920235 0.014853 0.014287 0.050616 0.000010
0.992066 0.000010 0.000010 0.000010 0.007904
0.974452 0.000010 0.000010 0.014546 0.010982
0.929672 0.000010 0.000010 0.041420 0.028888
0.956242 0.000010 0.000010 0.043728 0.000010
0.971210 0.000010 0.000010 0.007518 0.021252
0.970797 0.012842 0.004332 0.012019 0.000010
0.978240 0.001478 0.011804 0.008469 0.000010
0.961630 0.003328 0.000010 0.000010 0.035022
0.985866 0.000010 0.005592 0.008521 0.000010
0.978196 0.017450 0.000010 0.004334 0.000010
0.981655 0.001210 0.004656 0.012469 0.000010
0.985825 0.000010 0.001113 0.013042 0.000010
0.978102 0.000010 0.000010 0.000010 0.021868
0.989167 0.001382 0.000010 0.009431 0.000010
0.965618 0.000010 0.015943 0.018418 0.000010
0.982127 0.000010 0.000010 0.017511 0.000341
0.954128 0.000010 0.000010 0.045842 0.000010
0.929494 0.000010 0.010322 0.051991 0.008183
0.984863 0.002076 0.000010 0.013041 0.000010
0.947946 0.001690 0.000010 0.015789 0.034564
0.981550 0.000010 0.018420 0.000010 0.000010
0.999960 0.000010 0.000010 0.000010 0.000010
0.922481 0.008371 0.000010 0.025177 0.043960
0.959560 0.006062 0.009429 0.022406 0.002544
0.977889 0.000010 0.000010 0.022081 0.000010
0.963741 0.000010 0.014358 0.021881 0.000010
0.959982 0.000010 0.006811 0.021633 0.011564
0.956350 0.000010 0.000010 0.018234 0.025396
0.987804 0.003869 0.000010 0.008307 0.000010
0.967940 0.000010 0.008845 0.000010 0.023195
0.974227 0.010841 0.000010 0.014912 0.000010
0.925318 0.000010 0.000010 0.024710 0.049952
0.941780 0.000010 0.012874 0.007954 0.037382
0.974922 0.009250 0.000893 0.014925 0.000010
0.960662 0.000010 0.010691 0.018568 0.010069
0.951363 0.000028 0.000045 0.006747 0.041816
0.977325 0.000010 0.002341 0.020315 0.000010
0.964116 0.005895 0.000010 0.029968 0.000010
0.973746 0.000011 0.000010 0.022829 0.003403
0.992338 0.000010 0.005861 0.001780 0.000010
0.980425 0.000010 0.006469 0.013086 0.000010
0.986716 0.000010 0.000010 0.013254 0.000010
0.959177 0.000010 0.004701 0.005389 0.030723
0.990746 0.004318 0.000010 0.004916 0.000010
0.998370 0.000010 0.000010 0.001600 0.000010
0.981176 0.000010 0.000010 0.008394 0.010410
0.961672 0.000010 0.000010 0.008147 0.030160
0.965089 0.000010 0.016731 0.018160 0.000010
0.968216 0.000010 0.000010 0.012357 0.019407
0.989002 0.000010 0.005911 0.002739 0.002339
0.999960 0.000010 0.000010 0.000010 0.000010
0.993208 0.001480 0.000231 0.000010 0.005071
0.986207 0.000010 0.003691 0.000010 0.010081
0.000010 0.993243 0.000010 0.000010 0.006727
0.000010 0.987188 0.000010 0.000010 0.012782
0.000010 0.987713 0.000010 0.000010 0.012257
0.000010 0.985346 0.000010 0.000010 0.014624
0.000010 0.976501 0.001762 0.000010 0.021716
0.000010 0.993410 0.000010 0.000010 0.006560
0.000010 0.999960 0.000010 0.000010 0.000010
0.000010 0.973798 0.000010 0.000010 0.026172
0.000010 0.983876 0.007626 0.000010 0.008478
0.000010 0.982074 0.002794 0.000010 0.015111
0.000010 0.991851 0.008119 0.000010 0.000010
0.000010 0.999960 0.000010 0.000010 0.000010
0.000010 0.979196 0.000010 0.000010 0.020774
0.000010 0.973596 0.006189 0.000010 0.020195
0.000010 0.999140 0.000830 0.000010 0.000010
0.000010 0.957526 0.000010 0.000010 0.042444
0.019369 0.980601 0.000010 0.000010 0.000010
0.000010 0.979328 0.000257 0.000010 0.020395
0.000010 0.996855 0.000010 0.000010 0.003115
0.000010 0.987296 0.000010 0.000010 0.012674
0.000010 0.986268 0.003422 0.000010 0.010290
0.000010 0.990312 0.000010 0.000010 0.009658
0.008394 0.957078 0.004866 0.000010 0.029652
0.001632 0.989782 0.000010 0.000010 0.008566
0.000010 0.963944 0.000010 0.000010 0.036026
0.000010 0.962757 0.000010 0.000010 0.037213
0.000010 0.962523 0.000010 0.000010 0.037447
0.003821 0.970304 0.000010 0.000010 0.025855
0.000010 0.975744 0.000010 0.000010 0.024226
0.001301 0.958750 0.000010 0.000010 0.039929
0.000233 0.961238 0.004716 0.004022 0.029791
0.000010 0.968267 0.000010 0.000010 0.031703
0.000010 0.962714 0.000010 0.000010 0.037256
0.000010 0.968258 0.006616 0.000010 0.025106
0.000010 0.950374 0.009016 0.000010 0.040590
0.000010 0.983117 0.000010 0.000010 0.016853
0.002787 0.952360 0.000010 0.000010 0.044833
0.000010 0.947440 0.008973 0.000010 0.043567
0.000010 0.976835 0.000010 0.000010 0.023135
0.017817 0.982153 0.000010 0.000010 0.000010
0.000010 0.978747 0.000010 0.000010 0.021223
0.000010 0.946563 0.001887 0.000010 0.051530
0.000010 0.967674 0.000010 0.000010 0.032296
0.000010 0.964901 0.000010 0.000010 0.035069
0.013378 0.962944 0.000010 0.000010 0.023658
0.000010 0.981464 0.000010 0.000010 0.018506
0.004939 0.964674 0.018774 0.000010 0.011603
0.000010 0.965409 0.000010 0.000010 0.034561
0.000010 0.950285 0.000010 0.000010 0.049685
0.003226 0.967510 0.010946 0.000010 0.018307
0.006907 0.965458 0.007586 0.000010 0.020039
0.000010 0.932209 0.000010 0.000010 0.067761
0.000010 0.964257 0.000010 0.000010 0.035713
0.000010 0.985335 0.000010 0.000010 0.014635
0.000010 0.955721 0.020388 0.000010 0.023872
0.004594 0.954543 0.013971 0.000010 0.026882
0.149520 0.014486 0.000010 0.819090 0.016894
0.049437 0.050045 0.013939 0.539921 0.346659
0.037444 0.000010 0.000010 0.953496 0.009040
0.131362 0.000010 0.008637 0.859981 0.000010
0.049847 0.000010 0.012029 0.937664 0.000451
0.105243 0.000010 0.027773 0.866965 0.000010
0.021934 0.004439 0.000010 0.963233 0.010383
0.122052 0.000010 0.011185 0.866742 0.000010
0.180916 0.010871 0.721017 0.069740 0.017456
0.280996 0.005812 0.589687 0.123494 0.000010
0.108554 0.001550 0.001850 0.888036 0.000010
0.033645 0.000010 0.009482 0.956522 0.000341
0.101930 0.000010 0.003739 0.890480 0.003842
0.147772 0.008923 0.005148 0.838147 0.000010
0.071423 0.002744 0.000010 0.925813 0.000010
0.106901 0.000010 0.893069 0.000010 0.000010
0.166788 0.000010 0.819775 0.000010 0.013417
0.000010 0.000010 0.999960 0.000010 0.000010
0.217776 0.012710 0.769494 0.000010 0.000010
0.024218 0.000010 0.975752 0.000010 0.000010
0.087843 0.035478 0.706535 0.112874 0.057270
0.000010 0.000010 0.999960 0.000010 0.000010
0.000010 0.000010 0.999960 0.000010 0.000010
0.147161 0.000010 0.830356 0.000010 0.022463
0.218360 0.023236 0.653268 0.089370 0.015765
0.214969 0.000010 0.785001 0.000010 0.000010
0.287274 0.002232 0.681764 0.028720 0.000010
0.000010 0.000010 0.999960 0.000010 0.000010
0.220835 0.000010 0.779135 0.000010 0.000010
0.089371 0.000010 0.827393 0.052322 0.030904
0.119478 0.000010 0.880492 0.000010 0.000010
0.077237 0.416341 0.506401 0.000010 0.000010
0.168272 0.000010 0.831698 0.000010 0.000010
0.327716 0.020182 0.628111 0.023981 0.000010
0.047017 0.028265 0.676668 0.176024 0.072027
0.078855 0.003957 0.862187 0.054991 0.000010
0.000010 0.019753 0.980217 0.000010 0.000010
0.077334 0.000010 0.911657 0.000010 0.010989
0.054642 0.000010 0.945328 0.000010 0.000010
0.102636 0.000010 0.000010 0.897334 0.000010
0.134251 0.000010 0.018610 0.847119 0.000010
0.000010 0.000010 0.999960 0.000010 0.000010
0.277932 0.000010 0.628769 0.089627 0.003662
0.305381 0.018649 0.662120 0.002163 0.011687
0.000010 0.000010 0.999960 0.000010 0.000010
0.324131 0.005059 0.670790 0.000010 0.000010
0.267062 0.000010 0.578091 0.154827 0.000010
0.114513 0.021114 0.836910 0.026223 0.001239
0.000010 0.000010 0.999960 0.000010 0.000010
0.302549 0.000010 0.697421 0.000010 0.000010
0.177992 0.000010 0.821978 0.000010 0.000010
0.273419 0.000010 0.724695 0.000010 0.001866
0.221093 0.000010 0.762205 0.015931 0.000761
0.203058 0.000010 0.796912 0.000010 0.000010
0.088760 0.002484 0.010045 0.898701 0.000010
0.121376 0.000261 0.001826 0.863764 0.012773
0.440344 0.000010 0.000487 0.559149 0.000010
0.138633 0.018174 0.000010 0.843173 0.000010
0.074270 0.000010 0.000010 0.905961 0.019749
0.206618 0.000010 0.763020 0.001402 0.028951
0.064078 0.000010 0.923766 0.000010 0.012136
0.099129 0.000010 0.898714 0.000010 0.002137
0.191242 0.000010 0.808728 0.000010 0.000010
0.146880 0.000010 0.853090 0.000010 0.000010
0.307115 0.000010 0.319923 0.372942 0.000010
0.142253 0.000010 0.857717 0.000010 0.000010
0.167764 0.000010 0.000010 0.832206 0.000010
0.155497 0.000010 0.009420 0.834333 0.000740
0.076469 0.005471 0.000584 0.917466 0.000010
0.019620 0.000010 0.000010 0.952320 0.028040
0.125274 0.000010 0.000010 0.867969 0.006738
0.000327 0.875991 0.000010 0.000010 0.123663
0.000010 0.936233 0.024658 0.000010 0.039089
0.000010 0.977423 0.000010 0.000010 0.022547
0.000010 0.959548 0.000010 0.000010 0.040422
0.000010 0.978230 0.000115 0.000010 0.021635
0.000010 0.980041 0.000010 0.000010 0.019929
0.000010 0.969632 0.006212 0.000010 0.024135
0.000010 0.973769 0.000010 0.000010 0.026201
0.000010 0.999960 0.000010 0.000010 0.000010
0.005773 0.979009 0.000010 0.000010 0.015198
0.000010 0.972185 0.000010 0.000010 0.027785
0.000010 0.940798 0.010944 0.000010 0.048239
0.000010 0.956390 0.000010 0.000010 0.043580
0.000010 0.962986 0.000010 0.000010 0.036984
0.000010 0.973195 0.000010 0.000010 0.026775
0.000010 0.951103 0.021185 0.000010 0.027692
0.000010 0.955291 0.004004 0.000010 0.040685
0.013526 0.000010 0.001172 0.974006 0.011285
0.022028 0.008402 0.000010 0.969550 0.000010
0.063871 0.007102 0.000010 0.929007 0.000010
0.107933 0.000010 0.028864 0.863184 0.000010
0.008293 0.955422 0.000010 0.000010 0.036264
0.017583 0.916522 0.004348 0.000010 0.061537
0.000701 0.949210 0.004549 0.000010 0.045531
0.000010 0.960551 0.000010 0.000010 0.039419
0.000010 0.983925 0.004127 0.000010 0.011928
0.001713 0.959391 0.000010 0.000215 0.038671
0.014412 0.948602 0.000010 0.000010 0.036966
0.023392 0.964778 0.011811 0.000010 0.000010
0.000010 0.967727 0.000010 0.000010 0.032243
0.000010 0.969602 0.000010 0.000010 0.030368
0.002606 0.947029 0.004397 0.000010 0.045958
0.001279 0.985625 0.013076 0.000010 0.000010
0.000010 0.960665 0.000010 0.000010 0.039305
0.000010 0.955126 0.000010 0.000010 0.044844
0.000011 0.984933 0.010622 0.000010 0.004424
0.000010 0.981237 0.000010 0.000010 0.018733
0.006396 0.955188 0.006587 0.000010 0.031819
0.000017 0.959362 0.000010 0.000010 0.040602
0.006260 0.960596 0.010436 0.000010 0.022698
0.005249 0.972293 0.000010 0.000010 0.022438
0.000010 0.999960 0.000010 0.000010 0.000010
0.265902 0.000010 0.693371 0.001128 0.039589
0.265855 0.000010 0.572189 0.110397 0.051550
0.071232 0.002471 0.013330 0.912957 0.000010
0.139480 0.000010 0.848270 0.000010 0.012230
0.069175 0.000010 0.930795 0.000010 0.000010
0.016665 0.000010 0.983305 0.000010 0.000010
0.035869 0.000010 0.000010 0.960600 0.003510
0.175370 0.000010 0.013410 0.810860 0.000350
0.075207 0.001133 0.010731 0.912919 0.000010
0.000010 0.966865 0.000010 0.000010 0.033105
0.000010 0.941151 0.000010 0.000010 0.058819
0.011763 0.954618 0.010921 0.000010 0.022688
0.008829 0.980489 0.000010 0.000010 0.010662
0.000010 0.976100 0.023870 0.000010 0.000010
0.000010 0.957199 0.003340 0.000010 0.039441
0.000010 0.950281 0.000010 0.000010 0.049689
0.000010 0.870515 0.000010 0.004406 0.125060
0.015429 0.966192 0.000010 0.000010 0.018359
0.000010 0.944769 0.000010 0.000010 0.055201
0.000020 0.959676 0.000010 0.000010 0.040284
0.000010 0.983032 0.000010 0.000010 0.016938
0.000010 0.971510 0.000010 0.000010 0.028460
0.000010 0.990970 0.001908 0.000010 0.007102
0.019568 0.972887 0.000010 0.000010 0.007525
0.000010 0.983314 0.000010 0.000010 0.016656
0.091771 0.895174 0.000644 0.000010 0.012401
0.196058 0.000010 0.000010 0.803912 0.000010
0.073287 0.000010 0.000010 0.926683 0.000010
0.066074 0.000010 0.933896 0.000010 0.000010
0.028114 0.000010 0.971856 0.000010 0.000010
0.000010 0.000010 0.999960 0.000010 0.000010
0.004404 0.968323 0.000010 0.000010 0.027252
0.000010 0.965835 0.000010 0.000010 0.034135
0.000010 0.954214 0.000010 0.000010 0.045756
0.000010 0.979933 0.000010 0.000010 0.020037
0.000010 0.994324 0.000010 0.000010 0.005646
0.000010 0.981060 0.000010 0.000010 0.018910
0.000010 0.973715 0.000010 0.000010 0.026255
0.000010 0.988496 0.011474 0.000010 0.000010
0.000010 0.998174 0.001796 0.000010 0.000010
0.000010 0.999960 0.000010 0.000010 0.000010
0.002959 0.975579 0.000010 0.000010 0.021442
0.000010 0.979826 0.000010 0.000010 0.020144
0.000010 0.972874 0.000010 0.000010 0.027096
0.000010 0.991900 0.008070 0.000010 0.000010
0.000010 0.987115 0.006177 0.000010 0.006688
0.000010 0.991220 0.000010 0.000010 0.008750
0.000010 0.981160 0.000010 0.000010 0.018810
0.000010 0.988029 0.000010 0.000010 0.011941
0.000010 0.975974 0.000010 0.000010 0.023996
0.011162 0.976002 0.000010 0.000010 0.012816
0.953537 0.003478 0.013717 0.000010 0.029257
0.974052 0.000010 0.007419 0.003586 0.014933
0.961128 0.000010 0.020859 0.000811 0.017192
0.995365 0.004197 0.000010 0.000010 0.000418
0.972890 0.000010 0.000010 0.015831 0.011260
0.984772 0.000010 0.004815 0.003175 0.007228
0.979068 0.000010 0.000010 0.000010 0.020902
0.990954 0.000010 0.000010 0.009016 0.000010
0.966512 0.000010 0.007485 0.025982 0.000010
0.969982 0.000010 0.001145 0.019036 0.009827
0.976012 0.000010 0.000010 0.019990 0.003978
0.976998 0.000010 0.000010 0.022972 0.000010
0.972708 0.000332 0.008633 0.018317 0.000010
0.929874 0.000010 0.000010 0.013697 0.056409
0.000010 0.994548 0.000010 0.000010 0.005422
0.251866 0.000010 0.690080 0.000010 0.058034
0.427249 0.000010 0.557284 0.015446 0.000010
0.077772 0.001621 0.000010 0.920587 0.000010
0.183438 0.000010 0.030037 0.784246 0.002270
0.000010 0.000010 0.999960 0.000010 0.000010
0.105999 0.000010 0.889702 0.000010 0.004279
0.165888 0.014348 0.805153 0.000010 0.014601
0.000010 0.000010 0.999960 0.000010 0.000010
0.016929 0.000010 0.983041 0.000010 0.000010
0.000010 0.000010 0.999960 0.000010 0.000010
0.000010 0.000010 0.999960 0.000010 0.000010
0.111389 0.000010 0.614624 0.257451 0.016526
0.000010 0.000010 0.999960 0.000010 0.000010
0.251510 0.011280 0.715254 0.000010 0.021945
0.040746 0.000010 0.942038 0.000010 0.017196
0.043707 0.000010 0.000010 0.944614 0.011658
0.180032 0.001645 0.008512 0.809800 0.000010
0.163563 0.000010 0.000010 0.799383 0.037034
0.164213 0.000010 0.000010 0.835757 0.000010
0.186627 0.000010 0.813343 0.000010 0.000010
0.218147 0.024945 0.756888 0.000010 0.000010
0.000010 0.000010 0.999960 0.000010 0.000010
0.086533 0.000010 0.913437 0.000010 0.000010
0.358860 0.000010 0.636117 0.001442 0.003572
0.105510 0.000010 0.894460 0.000010 0.000010
0.154500 0.000010 0.845470 0.000010 0.000010
0.116748 0.001688 0.805371 0.057401 0.018793
0.059020 0.000010 0.000010 0.930371 0.010590
0.090110 0.000010 0.000010 0.900764 0.009106
0.102351 0.000010 0.012822 0.884806 0.000010
0.345372 0.000010 0.654598 0.000010 0.000010
0.067489 0.000010 0.000010 0.910671 0.021820
0.114439 0.000010 0.000010 0.859847 0.025694
0.044880 0.001355 0.005617 0.948138 0.000010
0.012738 0.000010 0.000010 0.949000 0.038243
0.112857 0.002749 0.004799 0.855758 0.023838
