0.000010 0.024714 0.966252 0.009024
0.000010 0.061727 0.938253 0.000010
0.000010 0.000010 0.988270 0.011710
0.000010 0.047131 0.952849 0.000010
0.000010 0.017569 0.978823 0.003598
0.000010 0.058121 0.941859 0.000010
0.000010 0.027158 0.972822 0.000010
0.000010 0.025327 0.966591 0.008072
0.000010 0.066543 0.933052 0.000394
0.000010 0.005350 0.972110 0.022530
0.000010 0.027435 0.972545 0.000010
0.000010 0.000222 0.994335 0.005433
0.000010 0.012202 0.968028 0.019760
0.000010 0.051186 0.948794 0.000010
0.000010 0.040220 0.959760 0.000010
0.000010 0.047861 0.948386 0.003743
0.000010 0.007064 0.973458 0.019467
0.000010 0.018767 0.981213 0.000010
0.000010 0.019080 0.980900 0.000010
0.000010 0.047058 0.952922 0.000010
0.000010 0.021541 0.978439 0.000010
0.000010 0.033955 0.966025 0.000010
0.000010 0.028989 0.970991 0.000010
0.000010 0.000010 0.999970 0.000010
0.000010 0.000936 0.993857 0.005197
0.000010 0.026009 0.973971 0.000010
0.000010 0.047447 0.952533 0.000010
0.000010 0.027323 0.972657 0.000010
0.000010 0.058134 0.941846 0.000010
0.000010 0.053008 0.943269 0.003713
0.000010 0.000010 0.999970 0.000010
0.000010 0.051976 0.948004 0.000010
0.000010 0.037708 0.962272 0.000010
0.000010 0.034906 0.965074 0.000010
0.000010 0.018479 0.981501 0.000010
0.000010 0.014559 0.982709 0.002722
0.000010 0.005262 0.968179 0.026548
0.000010 0.025831 0.971653 0.002506
0.000010 0.031287 0.963984 0.004719
0.000010 0.031285 0.968695 0.000010
0.000010 0.012755 0.987225 0.000010
0.000010 0.018709 0.981271 0.000010
0.000010 0.038237 0.961743 0.000010
0.002603 0.036529 0.960858 0.000010
0.000010 0.000010 0.999970 0.000010
0.000010 0.027201 0.969457 0.003332
0.000010 0.030449 0.962520 0.007021
0.000010 0.016783 0.983197 0.000010
0.000010 0.000010 0.991943 0.008037
0.000010 0.005960 0.994020 0.000010
0.000010 0.035680 0.954160 0.010149
0.000010 0.000010 0.987269 0.012711
0.000010 0.000010 0.988336 0.011644
0.000010 0.004897 0.983922 0.011171
0.000010 0.000010 0.999970 0.000010
0.000010 0.000010 0.900616 0.099364
0.000010 0.001523 0.944219 0.054249
0.000010 0.016455 0.913073 0.070462
0.000010 0.000010 0.904510 0.095470
0.000010 0.000010 0.928764 0.071216
0.000010 0.000010 0.926085 0.073895
0.000010 0.023560 0.903895 0.072535
0.000010 0.040198 0.874777 0.085015
0.000010 0.114641 0.861759 0.023590
0.000010 0.052177 0.867415 0.080398
0.000010 0.062226 0.870575 0.067189
0.000010 0.020394 0.890359 0.089237
0.000010 0.016570 0.907129 0.076290
0.000010 0.016286 0.888872 0.094832
0.000010 0.029726 0.911774 0.058490
0.000010 0.000010 0.924245 0.075735
0.000010 0.021171 0.907214 0.071605
0.000010 0.026050 0.973930 0.000010
0.000010 0.000010 0.999970 0.000010
0.000010 0.010321 0.985108 0.004561
0.000010 0.005113 0.994867 0.000010
0.000010 0.035987 0.963993 0.000010
0.000010 0.018008 0.968037 0.013945
0.000010 0.040847 0.958643 0.000500
0.000010 0.019235 0.980745 0.000010
0.000010 0.019030 0.980950 0.000010
0.000010 0.032647 0.967333 0.000010
0.000010 0.018274 0.961251 0.020465
0.000010 0.027921 0.972059 0.000010
0.000010 0.029847 0.970133 0.000010
0.000010 0.016112 0.983868 0.000010
0.000010 0.028297 0.955737 0.015956
0.000010 0.049909 0.950071 0.000010
0.000010 0.035975 0.963366 0.000650
0.000010 0.024596 0.975384 0.000010
0.000010 0.010810 0.989170 0.000010
0.000010 0.047296 0.952684 0.000010
0.000010 0.030444 0.950395 0.019150
0.000010 0.000010 0.992027 0.007953
0.000010 0.039742 0.960238 0.000010
0.000010 0.038499 0.961481 0.000010
0.000010 0.036843 0.963137 0.000010
0.000010 0.000010 0.999970 0.000010
0.000010 0.062424 0.937556 0.000010
0.000010 0.010411 0.977551 0.012028
0.000010 0.037416 0.962564 0.000010
0.000010 0.040751 0.959229 0.000010
0.000010 0.000010 0.999970 0.000010
0.000010 0.041069 0.908572 0.050349
0.000010 0.015523 0.895736 0.088731
0.000010 0.007804 0.917640 0.074546
0.000010 0.015710 0.927230 0.057050
0.000010 0.044455 0.893972 0.061563
0.000010 0.033778 0.888107 0.078106
0.000010 0.000010 0.910073 0.089907
0.000010 0.007875 0.934099 0.058016
0.000010 0.021707 0.923294 0.054989
0.000010 0.000010 0.900037 0.099943
0.000010 0.017090 0.941998 0.040902
0.000010 0.039827 0.912591 0.047572
0.000010 0.017682 0.918659 0.063649
0.000010 0.010410 0.937636 0.051943
0.000010 0.018834 0.913934 0.067222
0.000010 0.005586 0.911585 0.082820
0.000010 0.001940 0.892906 0.105144
0.000010 0.080268 0.875205 0.044517
0.000010 0.074296 0.870829 0.054865
0.000010 0.000010 0.919719 0.080261
0.000010 0.021011 0.919455 0.059525
0.000010 0.038056 0.883297 0.078637
0.000010 0.004689 0.912884 0.082417
0.000010 0.004172 0.941184 0.054634
0.000010 0.000010 0.940318 0.059662
0.000010 0.015920 0.906824 0.077246
0.000010 0.008529 0.916533 0.074928
0.000010 0.013202 0.940110 0.046678
0.000010 0.007020 0.902277 0.090693
0.000010 0.000010 0.953583 0.046397
0.000010 0.054948 0.881263 0.063779
0.000010 0.018294 0.917638 0.064059
0.000010 0.000010 0.911443 0.088537
0.000010 0.009187 0.894000 0.096803
0.000010 0.000010 0.943048 0.056932
0.000010 0.021337 0.902835 0.075817
0.000010 0.020453 0.922797 0.056740
0.000010 0.047770 0.904757 0.047464
0.000010 0.000010 0.925590 0.074390
0.000010 0.000010 0.920939 0.079041
0.000010 0.044938 0.914514 0.040538
0.000010 0.030170 0.923708 0.046111
0.000010 0.000010 0.939033 0.060947
0.000010 0.021835 0.889295 0.088860
0.000010 0.000010 0.938623 0.061357
0.000010 0.064236 0.900042 0.035712
0.000010 0.028284 0.917054 0.054652
0.006415 0.045589 0.900402 0.047594
0.000010 0.000010 0.910455 0.089525
0.000010 0.030497 0.916317 0.053176
0.000010 0.022316 0.943738 0.033936
0.000010 0.035943 0.887006 0.077040
0.000010 0.019429 0.917781 0.062780
0.000010 0.014392 0.896273 0.089325
0.000010 0.000010 0.969601 0.030379
0.000010 0.017515 0.926973 0.055502
0.000010 0.000010 0.937393 0.062587
0.000010 0.012115 0.930552 0.057323
0.000010 0.000872 0.930039 0.069080
0.000010 0.022377 0.919193 0.058421
0.000010 0.000010 0.897342 0.102638
0.000010 0.057841 0.884025 0.058124
0.000010 0.034842 0.890667 0.074481
0.000010 0.018197 0.932257 0.049536
0.000010 0.019545 0.918621 0.061824
0.000010 0.014226 0.893863 0.091901
0.000010 0.036106 0.907354 0.056530
0.000010 0.000010 0.901105 0.098875
0.000010 0.000010 0.905823 0.094157
0.000010 0.033998 0.888429 0.077562
0.000010 0.000010 0.921458 0.078522
0.000010 0.042114 0.910622 0.047253
0.000010 0.027240 0.906960 0.065790
0.000010 0.020446 0.889708 0.089836
0.000010 0.000010 0.951212 0.048768
0.000010 0.021260 0.900704 0.078026
0.000010 0.044520 0.898141 0.057329
0.000010 0.019589 0.934546 0.045855
0.000010 0.025840 0.934348 0.039801
0.000010 0.048622 0.889142 0.062226
0.000010 0.000010 0.941545 0.058435
0.000010 0.011215 0.936406 0.052368
0.000010 0.000010 0.001986 0.997994
0.000010 0.000019 0.000010 0.999961
0.000010 0.006344 0.000010 0.993636
0.000010 0.000010 0.000010 0.999970
0.000010 0.013362 0.000010 0.986618
0.000010 0.000010 0.000010 0.999970
0.000010 0.000863 0.000010 0.999117
0.000010 0.000010 0.006345 0.993635
0.000010 0.000010 0.000010 0.999970
0.000010 0.000010 0.000010 0.999970
0.000010 0.000010 0.000010 0.999970
0.000010 0.000010 0.000010 0.999970
0.000010 0.000010 0.000010 0.999970
0.000010 0.000010 0.000274 0.999706
0.000010 0.000010 0.000010 0.999970
0.000010 0.000010 0.000010 0.999970
0.000010 0.000010 0.000010 0.999970
0.000010 0.000010 0.000010 0.999970
0.000010 0.001979 0.007684 0.990327
0.000010 0.000010 0.000010 0.999970
0.000010 0.000010 0.000010 0.999970
0.000010 0.000010 0.000010 0.999970
0.000010 0.000010 0.000010 0.999970
0.000010 0.000010 0.000010 0.999970
0.000010 0.000010 0.004364 0.995616
0.000010 0.000010 0.000010 0.999970
0.000010 0.000010 0.000010 0.999970
0.000010 0.000010 0.000010 0.999970
0.000010 0.000010 0.000010 0.999970
0.000010 0.000010 0.000010 0.999970
0.000010 0.005779 0.000010 0.994201
0.000010 0.000010 0.000010 0.999970
0.000010 0.000010 0.000010 0.999970
0.000010 0.012194 0.000010 0.987786
0.000010 0.000010 0.000010 0.999970
0.000010 0.000010 0.000010 0.999970
0.000010 0.000010 0.000010 0.999970
0.000010 0.000010 0.000010 0.999970
0.000010 0.000010 0.000010 0.999970
0.000010 0.016706 0.000010 0.983274
0.000010 0.005459 0.000010 0.994521
0.000010 0.000010 0.005549 0.994431
0.089078 0.000010 0.811340 0.099572
0.184746 0.039993 0.643102 0.132160
0.086870 0.046966 0.789430 0.076734
0.000010 0.000010 0.000010 0.999970
0.000010 0.000010 0.000010 0.999970
0.000010 0.000010 0.000010 0.999970
0.000010 0.000010 0.000010 0.999970
0.000010 0.000010 0.000010 0.999970
0.000010 0.006837 0.001176 0.991977
0.000010 0.006366 0.000010 0.993614
0.000010 0.010086 0.001039 0.988865
0.000010 0.000010 0.000010 0.999970
0.000010 0.000010 0.000010 0.999970
0.000010 0.000010 0.000010 0.999970
0.000010 0.012671 0.002304 0.985015
0.000010 0.000010 0.007453 0.992527
0.000010 0.000010 0.000010 0.999970
0.000010 0.000010 0.000010 0.999970
0.000010 0.000010 0.000010 0.999970
0.000010 0.000010 0.000010 0.999970
0.000010 0.000010 0.000010 0.999970
0.000010 0.000010 0.000010 0.999970
0.000010 0.000010 0.000010 0.999970
0.000010 0.000010 0.000010 0.999970
0.000010 0.000374 0.006262 0.993354
0.000010 0.000010 0.000010 0.999970
0.000010 0.000010 0.000010 0.999970
0.000010 0.000010 0.000010 0.999970
0.000010 0.000010 0.000010 0.999970
0.001607 0.000010 0.000010 0.998373
0.000010 0.000010 0.000010 0.999970
0.000010 0.019022 0.000010 0.980958
0.000010 0.000010 0.000010 0.999970
0.000010 0.000010 0.000010 0.999970
0.000010 0.000010 0.000010 0.999970
0.000010 0.000010 0.000010 0.999970
0.000010 0.006086 0.000010 0.993894
0.000010 0.000010 0.000010 0.999970
0.143345 0.042552 0.742582 0.071521
0.169632 0.000010 0.730534 0.099825
0.079464 0.009207 0.825937 0.085392
0.081202 0.055598 0.785093 0.078108
0.000010 0.000010 0.000010 0.999970
0.000010 0.000010 0.000010 0.999970
0.000010 0.018882 0.000010 0.981098
0.000010 0.000010 0.000010 0.999970
0.000010 0.000010 0.000010 0.999970
0.000010 0.011682 0.000010 0.988298
0.000010 0.000010 0.000010 0.999970
0.000010 0.000010 0.000010 0.999970
0.000010 0.000010 0.000010 0.999970
0.000010 0.001284 0.000010 0.998696
0.000010 0.000010 0.000010 0.999970
0.000010 0.000010 0.000010 0.999970
0.000010 0.000010 0.000010 0.999970
0.000010 0.000010 0.000010 0.999970
0.000010 0.000010 0.000010 0.999970
0.000010 0.000010 0.000010 0.999970
0.000010 0.013000 0.000010 0.986980
0.000010 0.000010 0.000478 0.999502
0.000010 0.017278 0.000459 0.982252
0.000010 0.004886 0.000010 0.995094
0.000010 0.000010 0.000010 0.999970
0.000010 0.000010 0.000010 0.999970
0.000010 0.000010 0.000010 0.999970
0.000010 0.000010 0.000010 0.999970
0.000010 0.000010 0.004642 0.995338
0.000010 0.000010 0.000010 0.999970
0.000010 0.018112 0.000010 0.981868
0.000010 0.004937 0.000010 0.995043
0.036041 0.023051 0.880416 0.060491
0.046092 0.024058 0.839483 0.090367
0.118810 0.000010 0.739939 0.141241
0.076214 0.004541 0.845030 0.074215
0.081813 0.000010 0.855387 0.062791
0.058629 0.000010 0.896586 0.044775
0.111780 0.000010 0.782873 0.105337
0.061772 0.040122 0.875022 0.023084
0.086278 0.011995 0.751553 0.150174
0.000010 0.011723 0.000010 0.988257
0.000010 0.007400 0.000010 0.992580
0.000010 0.030255 0.000010 0.969725
0.000010 0.021296 0.000010 0.978684
0.000010 0.031957 0.000010 0.968023
0.000010 0.000010 0.000010 0.999970
0.000010 0.000010 0.000010 0.999970
0.000010 0.016099 0.000010 0.983881
0.000010 0.025958 0.000010 0.974022
0.000010 0.022803 0.000010 0.977177
0.000010 0.000238 0.004779 0.994973
0.000010 0.016763 0.000010 0.983217
0.000010 0.017299 0.000010 0.982681
0.000010 0.021916 0.000010 0.978064
0.000011 0.019345 0.000010 0.980634
0.077143 0.029122 0.852171 0.041563
0.110229 0.000010 0.790324 0.099437
0.226115 0.000864 0.671494 0.101526
0.223028 0.000010 0.644573 0.132389
0.216856 0.000010 0.667378 0.115757
0.060651 0.000010 0.832462 0.106876
0.130862 0.036100 0.776892 0.056146
0.142259 0.000010 0.757288 0.100443
0.083165 0.027586 0.805069 0.084180
0.062710 0.000010 0.832418 0.104863
0.342524 0.000010 0.549716 0.107750
0.170187 0.000010 0.756951 0.072853
0.055475 0.015162 0.846571 0.082791
0.086226 0.026564 0.811014 0.076197
0.106936 0.070346 0.748614 0.074105
0.053359 0.016073 0.824698 0.105870
0.075525 0.008085 0.838217 0.078173
0.085681 0.001427 0.812223 0.100669
0.087534 0.000010 0.857641 0.054814
0.199021 0.036505 0.639633 0.124841
0.172398 0.026009 0.718907 0.082686
0.082911 0.000010 0.776761 0.140318
0.205436 0.020031 0.675397 0.099135
0.105713 0.018433 0.767853 0.108001
0.130047 0.071910 0.729692 0.068351
0.129537 0.018745 0.732389 0.119330
0.184437 0.000010 0.736110 0.079443
0.156578 0.005177 0.756799 0.081446
0.252257 0.063732 0.609037 0.074973
0.116542 0.026611 0.768457 0.088390
0.117597 0.011319 0.803208 0.067877
0.089048 0.015351 0.799538 0.096063
0.105260 0.030648 0.791059 0.073033
0.159834 0.000010 0.746138 0.094018
0.181205 0.003536 0.748898 0.066362
0.089561 0.030744 0.806883 0.072813
0.079342 0.020288 0.852928 0.047442
0.239568 0.000010 0.691104 0.069318
0.624294 0.000010 0.303038 0.072658
0.121507 0.052916 0.760477 0.065100
0.122335 0.000010 0.774557 0.103097
0.025614 0.043955 0.895589 0.034842
0.013976 0.001811 0.789572 0.194641
0.035263 0.000010 0.890878 0.073849
0.045674 0.000010 0.739467 0.214849
0.072205 0.036931 0.774745 0.116119
0.150923 0.000010 0.649242 0.199825
0.096414 0.050030 0.721026 0.132530
0.064023 0.001173 0.750033 0.184771
0.072164 0.000120 0.772145 0.155571
0.024087 0.010758 0.871381 0.093774
0.116372 0.000010 0.725314 0.158304
0.091070 0.000010 0.719088 0.189832
0.020003 0.007139 0.744725 0.228133
0.168916 0.000010 0.615458 0.215616
0.047768 0.047019 0.751453 0.153760
0.184265 0.000010 0.585086 0.230639
0.060588 0.000010 0.783315 0.156087
0.095168 0.000010 0.598476 0.306346
0.190649 0.000010 0.670610 0.138731
0.104214 0.020517 0.753638 0.121631
0.097644 0.009617 0.832285 0.060454
0.242927 0.000010 0.662696 0.094367
0.029758 0.086749 0.857661 0.025832
0.119551 0.003456 0.766447 0.110546
0.173521 0.033593 0.693155 0.099731
0.087503 0.000010 0.876033 0.036454
0.057722 0.000010 0.869679 0.072589
0.090683 0.011290 0.783600 0.114427
0.078788 0.000010 0.791219 0.129983
0.125865 0.000010 0.769411 0.104713
0.131169 0.000010 0.758573 0.110248
0.173349 0.000010 0.657769 0.168872
0.194374 0.065389 0.610131 0.130105
0.145010 0.000010 0.694645 0.160335
0.087656 0.032529 0.729357 0.150459
0.068824 0.000010 0.857583 0.073583
0.177515 0.035835 0.712589 0.074062
0.048102 0.031621 0.862910 0.057367
0.111380 0.040053 0.763862 0.084704
0.124230 0.050109 0.764059 0.061603
0.686424 0.005512 0.266596 0.041468
0.492787 0.027281 0.431719 0.048214
0.197729 0.046187 0.646030 0.110054
0.102927 0.036514 0.785869 0.074690
0.081342 0.000010 0.709260 0.209388
0.021594 0.004873 0.799846 0.173687
0.046909 0.000010 0.807120 0.145961
0.175066 0.004244 0.628252 0.192439
0.008372 0.000010 0.863588 0.128030
0.014884 0.000010 0.792879 0.192227
0.031293 0.000010 0.878617 0.090080
0.123097 0.000010 0.674986 0.201907
0.075461 0.000010 0.743981 0.180548
0.082223 0.011616 0.749859 0.156301
0.167199 0.000010 0.604298 0.228492
0.014958 0.000010 0.942308 0.042724
0.016743 0.000010 0.749274 0.233973
0.025725 0.000010 0.816796 0.157469
0.033937 0.025290 0.773992 0.166780
0.071252 0.007305 0.754952 0.166491
0.222490 0.006408 0.690775 0.080327
0.115007 0.038265 0.705762 0.140966
0.117152 0.027033 0.719953 0.135863
0.170669 0.019132 0.688607 0.121592
0.243221 0.000010 0.637986 0.118783
0.089954 0.004270 0.844688 0.061088
0.130242 0.000331 0.802063 0.067364
0.107458 0.022125 0.770739 0.099677
0.132993 0.038055 0.797482 0.031471
0.101924 0.000010 0.784465 0.113601
0.000010 0.050083 0.949195 0.000712
0.006284 0.000010 0.622070 0.371636
0.375213 0.000010 0.465355 0.159421
0.045452 0.000010 0.694953 0.259585
0.064987 0.006741 0.781738 0.146534
0.041353 0.000010 0.680387 0.278250
0.079583 0.000010 0.659398 0.261010
0.011551 0.023031 0.768514 0.196904
0.034820 0.001120 0.847536 0.116523
0.013692 0.026843 0.873499 0.085966
0.063072 0.005403 0.753335 0.178190
0.014653 0.000010 0.757475 0.227862
0.044050 0.049205 0.748876 0.157869
0.074330 0.006390 0.758249 0.161031
0.132916 0.000010 0.691775 0.175298
0.178605 0.000010 0.599864 0.221522
0.136586 0.000010 0.667991 0.195413
0.105330 0.001893 0.692484 0.200292
0.135809 0.000010 0.530006 0.334175
0.038138 0.000010 0.744363 0.217489
0.012061 0.000010 0.824672 0.163257
0.137895 0.000010 0.647585 0.214510
0.098924 0.006642 0.684997 0.209436
0.042659 0.000010 0.679009 0.278322
0.031489 0.009442 0.804075 0.154995
0.048856 0.000010 0.786888 0.164246
0.065653 0.000010 0.864773 0.069565
0.279932 0.000010 0.522280 0.197778
0.166037 0.000010 0.718037 0.115916
0.205698 0.000010 0.700286 0.094006
0.080573 0.017516 0.850015 0.051896
0.172077 0.038520 0.672319 0.117083
0.160417 0.031424 0.690211 0.117948
0.174099 0.000010 0.709244 0.116647
0.173675 0.000010 0.707650 0.118665
0.099692 0.029882 0.782231 0.088195
0.077753 0.021271 0.758808 0.142168
0.132477 0.022653 0.720708 0.124162
0.144872 0.000010 0.769667 0.085451
0.109761 0.045109 0.700732 0.144398
0.030692 0.029405 0.773722 0.166181
0.046091 0.000010 0.613180 0.340718
0.013825 0.032180 0.868688 0.085306
0.016549 0.064460 0.894926 0.024065
0.171895 0.000010 0.678565 0.149530
0.019082 0.000010 0.708320 0.272588
0.058129 0.000010 0.572001 0.369860
0.106659 0.000010 0.690540 0.202790
0.063396 0.000010 0.735654 0.200941
0.025181 0.000010 0.697599 0.277210
0.049477 0.000010 0.692169 0.258344
0.043393 0.000010 0.677868 0.278729
0.172523 0.000010 0.579955 0.247512
0.276059 0.000010 0.495448 0.228483
0.178084 0.000010 0.600822 0.221083
0.021131 0.002120 0.861738 0.115011
0.015622 0.009006 0.849303 0.126070
0.017885 0.004725 0.865938 0.111453
0.031025 0.004611 0.895947 0.068417
0.352029 0.000010 0.460957 0.187004
0.034781 0.000010 0.704994 0.260216
0.162944 0.000010 0.750433 0.086612
0.017707 0.011940 0.892340 0.078012
0.017346 0.016194 0.873056 0.093404
0.031933 0.000010 0.837401 0.130656
0.091634 0.001305 0.623576 0.283486
0.116057 0.000010 0.609234 0.274699
0.030746 0.000010 0.741189 0.228055
0.053238 0.000010 0.704576 0.242176
0.017955 0.045040 0.936996 0.000010
0.033934 0.041587 0.924469 0.000010
0.017660 0.028038 0.954292 0.000010
0.014967 0.000010 0.971494 0.013529
0.018520 0.021203 0.960267 0.000010
0.019506 0.000010 0.980474 0.000010
0.019926 0.050888 0.929176 0.000010
0.023901 0.043634 0.932454 0.000010
0.002338 0.018868 0.977987 0.000806
0.009366 0.000010 0.974069 0.016555
0.000010 0.000010 0.998809 0.001171
0.005322 0.000010 0.988908 0.005761
0.004582 0.019628 0.975780 0.000010
0.000010 0.000010 0.999970 0.000010
0.000010 0.010959 0.989021 0.000010
0.000010 0.020139 0.979841 0.000010
0.019814 0.000010 0.976698 0.003478
0.014878 0.044793 0.940319 0.000010
0.030679 0.048269 0.921042 0.000010
0.024629 0.000010 0.975351 0.000010
0.020106 0.023574 0.956310 0.000010
0.015770 0.027589 0.956631 0.000010
0.022667 0.019383 0.948762 0.009188
0.010136 0.023992 0.965861 0.000010
0.066311 0.000010 0.779077 0.154602
0.384895 0.000010 0.455907 0.159188
0.218480 0.043507 0.503224 0.234788
0.007854 0.000010 0.517093 0.475043
0.008862 0.000010 0.681334 0.309794
0.007200 0.000010 0.545855 0.446935
0.000010 0.000010 0.357970 0.642010
0.064496 0.000010 0.662832 0.272663
0.007104 0.000010 0.573244 0.419642
0.000010 0.731575 0.263981 0.004433
0.000010 0.664158 0.282332 0.053500
0.000010 0.714520 0.285460 0.000010
0.000010 0.692074 0.306624 0.001292
0.000010 0.031519 0.000010 0.968461
0.000010 0.034552 0.001845 0.963594
0.000010 0.009951 0.000010 0.990029
0.000010 0.012189 0.000010 0.987791
0.000010 0.032756 0.000010 0.967224
0.000010 0.019385 0.000010 0.980595
0.024551 0.032088 0.925059 0.018303
0.013525 0.054746 0.931719 0.000010
0.003387 0.039664 0.945674 0.011276
0.022417 0.024818 0.949866 0.002900
0.009441 0.043572 0.946977 0.000010
0.016130 0.043137 0.940723 0.000010
0.023947 0.027705 0.948338 0.000010
0.021573 0.033539 0.938718 0.006169
0.000010 0.044551 0.955429 0.000010
0.011587 0.033266 0.955137 0.000010
0.020860 0.000010 0.963064 0.016066
0.018218 0.015578 0.954621 0.011582
0.017631 0.023423 0.958935 0.000010
0.019424 0.027826 0.952740 0.000010
0.024360 0.018734 0.956897 0.000010
0.018459 0.032125 0.949406 0.000010
0.010203 0.010527 0.979260 0.000010
0.026115 0.041967 0.930301 0.001617
0.063318 0.019639 0.917033 0.000010
0.053597 0.010069 0.916809 0.019525
0.000010 0.015674 0.984306 0.000010
0.014964 0.033072 0.951954 0.000010
0.041520 0.048312 0.910158 0.000010
0.045644 0.005518 0.948828 0.000010
0.007217 0.046685 0.946089 0.000010
0.012865 0.020515 0.956773 0.009846
0.009368 0.019533 0.965264 0.005835
0.000010 0.060869 0.939111 0.000010
0.009900 0.000010 0.988856 0.001234
0.006859 0.008886 0.968052 0.016203
0.013530 0.000010 0.981014 0.005447
0.013440 0.015768 0.970782 0.000010
0.000010 0.048464 0.951516 0.000010
0.009785 0.019184 0.971021 0.000010
0.020085 0.012082 0.967822 0.000010
0.016313 0.019174 0.964503 0.000010
0.046580 0.014161 0.939249 0.000010
0.053257 0.037826 0.908906 0.000010
0.013273 0.026971 0.959745 0.000010
0.016618 0.055665 0.927707 0.000010
0.000010 0.017816 0.975016 0.007158
0.000010 0.016542 0.983438 0.000010
0.025781 0.073435 0.898224 0.002561
0.023294 0.036518 0.940177 0.000010
0.024488 0.008990 0.966512 0.000010
0.023145 0.019722 0.957123 0.000010
0.021990 0.035861 0.942139 0.000010
0.018294 0.049005 0.932692 0.000010
0.009762 0.008970 0.977898 0.003370
0.000010 0.046282 0.953698 0.000010
0.015638 0.000010 0.971894 0.012458
0.025431 0.072435 0.902124 0.000010
0.007815 0.060397 0.931778 0.000010
0.016031 0.000010 0.972711 0.011247
0.017734 0.030129 0.952127 0.000010
0.004757 0.057728 0.937505 0.000010
0.020670 0.011523 0.967797 0.000010
0.030423 0.033050 0.936517 0.000010
0.023840 0.030188 0.945962 0.000010
0.003053 0.000010 0.993934 0.003002
0.014568 0.014557 0.970865 0.000010
0.014614 0.000010 0.985366 0.000010
0.005230 0.045832 0.948928 0.000010
0.006067 0.000010 0.989321 0.004603
0.005200 0.000010 0.994780 0.000010
0.009553 0.024702 0.965735 0.000010
0.008592 0.050335 0.941063 0.000010
0.020215 0.002027 0.976282 0.001476
0.013443 0.030788 0.955760 0.000010
0.003123 0.030277 0.966590 0.000010
0.000010 0.008725 0.991255 0.000010
0.000010 0.029717 0.970263 0.000010
0.000010 0.030310 0.969670 0.000010
0.000010 0.007911 0.000010 0.992069
0.000010 0.015567 0.000010 0.984413
0.000010 0.015428 0.000010 0.984552
0.000010 0.018646 0.000010 0.981334
0.000010 0.023663 0.000010 0.976317
0.000010 0.012644 0.000010 0.987336
0.000010 0.000010 0.000010 0.999970
0.000010 0.031526 0.000010 0.968454
0.000010 0.014711 0.000010 0.985269
0.000010 0.016964 0.000010 0.983016
0.000010 0.003133 0.000010 0.996847
0.000010 0.000010 0.000010 0.999970
0.000010 0.024710 0.000010 0.975270
0.000010 0.028208 0.000010 0.971772
0.000010 0.000010 0.000010 0.999970
0.000010 0.045283 0.000010 0.954697
0.000010 0.000010 0.018614 0.981366
0.000012 0.022083 0.000010 0.977895
0.000010 0.008190 0.000010 0.991790
0.000010 0.017951 0.000010 0.982029
0.000010 0.016856 0.000010 0.983124
0.000010 0.017263 0.000010 0.982717
0.000010 0.040198 0.003935 0.955857
0.000010 0.009155 0.000010 0.990825
0.000010 0.042593 0.000010 0.957387
0.000010 0.042001 0.000010 0.957979
0.000010 0.041954 0.000010 0.958026
0.000010 0.032924 0.000010 0.967056
0.000010 0.029493 0.000010 0.970487
0.000010 0.046480 0.000010 0.953500
0.003267 0.034524 0.000010 0.962199
0.000010 0.035771 0.000010 0.964209
0.000010 0.041096 0.000010 0.958884
0.000010 0.029401 0.000010 0.970579
0.000010 0.045387 0.000010 0.954593
0.000010 0.021341 0.000010 0.978639
0.000010 0.053507 0.000010 0.946473
0.000010 0.050092 0.000010 0.949888
0.000010 0.027700 0.000010 0.972280
0.000010 0.000010 0.016470 0.983510
0.000010 0.022400 0.000010 0.977580
0.000010 0.052967 0.000010 0.947013
0.000010 0.036347 0.000010 0.963633
0.000010 0.041173 0.000010 0.958807
0.000010 0.043210 0.002002 0.954778
0.000010 0.020944 0.000010 0.979036
0.000010 0.026329 0.004046 0.969614
0.000010 0.040506 0.000010 0.959474
0.000010 0.056514 0.000010 0.943466
0.000010 0.027905 0.000010 0.972075
0.000010 0.030149 0.001309 0.968531
0.000010 0.075383 0.000010 0.924597
0.000010 0.038408 0.000010 0.961572
0.000013 0.020852 0.000010 0.979125
0.000010 0.030779 0.000010 0.969201
0.000010 0.035802 0.003781 0.960407
0.819684 0.026611 0.143665 0.010040
0.540024 0.349280 0.053471 0.057224
0.954229 0.010713 0.035049 0.000010
0.861377 0.000010 0.138603 0.000010
0.938170 0.005539 0.054629 0.001662
0.868488 0.008581 0.122921 0.000010
0.964130 0.012842 0.019230 0.003799
0.868305 0.000010 0.131675 0.000010
0.059215 0.000010 0.446770 0.494005
0.112798 0.000010 0.498361 0.388831
0.888757 0.000010 0.109217 0.002016
0.957559 0.004786 0.037582 0.000072
0.891173 0.006699 0.102118 0.000010
0.839084 0.000010 0.149387 0.011519
0.927606 0.000010 0.069806 0.002579
0.000010 0.000010 0.429435 0.570544
0.000010 0.000010 0.483723 0.516257
0.000019 0.000010 0.346475 0.653496
0.000010 0.000010 0.501740 0.498240
0.000010 0.000010 0.351121 0.648859
0.102414 0.000010 0.382112 0.515464
0.000010 0.000010 0.310828 0.689152
0.000010 0.000010 0.371335 0.628645
0.000010 0.000010 0.461271 0.538709
0.081549 0.000010 0.452500 0.465941
0.000010 0.000010 0.503685 0.496295
0.027374 0.000010 0.529350 0.443265
0.000010 0.000010 0.332433 0.667547
0.009979 0.000010 0.502727 0.487284
0.045765 0.000010 0.403774 0.550451
0.000010 0.000010 0.443041 0.556939
0.006775 0.000010 0.242805 0.750410
0.004895 0.000010 0.463887 0.531208
0.025211 0.000010 0.549024 0.425755
0.172422 0.000010 0.332012 0.495556
0.048292 0.000010 0.387104 0.564594
0.012306 0.000010 0.310537 0.677147
0.005065 0.000010 0.395909 0.599017
0.000010 0.000010 0.378534 0.621446
0.898424 0.000010 0.101556 0.000010
0.847986 0.000010 0.143622 0.008382
0.000010 0.000010 0.321003 0.678977
0.081118 0.000010 0.522292 0.396581
0.009167 0.000010 0.540755 0.450068
0.000010 0.000010 0.347279 0.652701
0.002537 0.000010 0.554125 0.443328
0.144078 0.000010 0.474989 0.380923
0.022971 0.000010 0.413153 0.563866
0.002673 0.000010 0.357455 0.639862
0.010136 0.000010 0.567925 0.421929
0.003298 0.000010 0.479667 0.517025
0.000010 0.000010 0.537406 0.462574
0.019626 0.000010 0.492292 0.488072
0.005093 0.000010 0.463808 0.531088
0.899253 0.000010 0.092568 0.008169
0.863940 0.017017 0.119034 0.000010
0.561350 0.000010 0.438630 0.000010
0.844245 0.000010 0.137231 0.018513
0.906445 0.022535 0.071010 0.000010
0.014974 0.000010 0.492485 0.492531
0.000010 0.000010 0.379754 0.620226
0.002510 0.000010 0.399005 0.598474
0.005425 0.000010 0.480017 0.514548
0.003988 0.000010 0.442506 0.553496
0.370269 0.000010 0.446686 0.183035
0.008566 0.000010 0.429362 0.562062
0.834026 0.000010 0.165954 0.000010
0.834668 0.008142 0.155876 0.001313
0.918723 0.000010 0.075906 0.005361
0.952769 0.028772 0.018448 0.000010
0.868649 0.008265 0.123076 0.000010
0.000010 0.130265 0.000010 0.869715
0.000016 0.047894 0.000010 0.952080
0.000010 0.026924 0.000010 0.973056
0.000010 0.041904 0.000010 0.958076
0.000010 0.022662 0.000010 0.977318
0.000010 0.024532 0.000010 0.975448
0.000010 0.028918 0.000010 0.971062
0.000012 0.030797 0.000010 0.969181
0.000010 0.000010 0.000010 0.999970
0.000010 0.024858 0.000010 0.975122
0.000010 0.030324 0.000010 0.969656
0.000010 0.054064 0.000010 0.945916
0.000010 0.049826 0.000010 0.950154
0.000010 0.040535 0.000010 0.959445
0.000010 0.031211 0.000010 0.968769
0.000010 0.035151 0.000010 0.964829
0.000010 0.043915 0.000010 0.956065
0.974433 0.012394 0.013163 0.000010
0.969685 0.000010 0.021959 0.008347
0.929984 0.008407 0.058403 0.003206
0.863913 0.000010 0.122408 0.013669
0.000010 0.051937 0.000010 0.948043
0.000010 0.070620 0.013842 0.915527
0.000010 0.051284 0.000010 0.948696
0.000010 0.042236 0.000010 0.957744
0.000010 0.016387 0.000010 0.983593
0.000010 0.045160 0.000010 0.954820
0.000010 0.046333 0.008640 0.945016
0.000010 0.000010 0.025462 0.974518
0.000010 0.035905 0.000010 0.964075
0.000010 0.034338 0.000010 0.965642
0.000010 0.051709 0.001126 0.947155
0.000010 0.008007 0.000010 0.991973
0.000010 0.041872 0.000010 0.958108
0.000010 0.046210 0.000010 0.953770
0.000010 0.008084 0.000010 0.991896
0.000010 0.022188 0.000010 0.977792
0.000010 0.044218 0.000601 0.955171
0.000010 0.043851 0.000010 0.956129
0.000010 0.028549 0.006147 0.965293
0.000010 0.030582 0.000010 0.969398
0.000010 0.002867 0.000010 0.997113
0.011139 0.000010 0.536499 0.452352
0.107818 0.000010 0.508035 0.384137
0.913656 0.000010 0.074559 0.011776
0.010304 0.000010 0.430641 0.559045
0.000010 0.000010 0.395900 0.604080
0.000010 0.000010 0.372652 0.627328
0.961085 0.003505 0.035400 0.000010
0.811723 0.008392 0.179874 0.000010
0.913620 0.000010 0.078861 0.007509
0.000010 0.036819 0.000010 0.963161
0.000010 0.064266 0.000010 0.935714
0.000010 0.032589 0.009475 0.957926
0.000010 0.019735 0.001979 0.978276
0.000010 0.000010 0.000010 0.999970
0.000013 0.040850 0.000010 0.959127
0.000010 0.053538 0.000010 0.946442
0.004286 0.128666 0.000010 0.867038
0.000010 0.030389 0.008435 0.961166
0.000010 0.060196 0.000010 0.939784
0.000010 0.042814 0.000010 0.957166
0.000010 0.022566 0.000010 0.977414
0.000012 0.032786 0.000010 0.967192
0.000010 0.010470 0.000010 0.989510
0.000010 0.019631 0.013016 0.967344
0.000010 0.020967 0.000010 0.979013
0.000010 0.027018 0.082312 0.890660
0.806653 0.000010 0.193327 0.000010
0.927823 0.000010 0.072157 0.000010
0.001052 0.000010 0.406303 0.592635
0.000010 0.000010 0.362840 0.637140
0.000010 0.000010 0.355661 0.644319
0.000010 0.036021 0.000256 0.963713
0.000010 0.036768 0.000010 0.963212
0.000010 0.048855 0.000010 0.951125
0.000010 0.022671 0.000010 0.977309
0.000010 0.010440 0.000010 0.989540
0.000010 0.023770 0.000010 0.976210
0.000010 0.031834 0.000010 0.968146
0.000010 0.001948 0.000010 0.998032
0.000010 0.000010 0.000010 0.999970
0.000010 0.000789 0.000010 0.999191
0.000010 0.028134 0.000010 0.971846
0.000010 0.023523 0.000010 0.976457
0.000010 0.033487 0.000010 0.966493
0.000010 0.006643 0.000010 0.993337
0.000010 0.010337 0.000010 0.989643
0.000010 0.013078 0.000010 0.986902
0.000010 0.022279 0.000010 0.977701
0.000010 0.018384 0.000010 0.981596
0.000010 0.027007 0.000010 0.972973
0.000010 0.028412 0.002286 0.969293
0.000010 0.059893 0.937354 0.002743
0.003912 0.040904 0.955174 0.000010
0.000010 0.038659 0.953504 0.007827
0.001854 0.019045 0.979091 0.000010
0.013469 0.033554 0.952967 0.000010
0.003053 0.025361 0.971576 0.000010
0.000010 0.045391 0.954589 0.000010
0.011120 0.000010 0.988860 0.000010
0.026850 0.014353 0.958788 0.000010
0.020646 0.017926 0.961417 0.000010
0.019978 0.015044 0.964968 0.000010
0.025383 0.000010 0.974597 0.000010
0.018313 0.010147 0.966750 0.004789
0.014234 0.076640 0.909116 0.000010
0.000010 0.008159 0.000010 0.991821
0.012250 0.000010 0.524772 0.462969
0.015357 0.000010 0.620670 0.363964
0.921659 0.000010 0.077377 0.000953
0.784928 0.012191 0.194252 0.008629
0.000010 0.000010 0.329829 0.670151
0.000010 0.000010 0.426620 0.573360
0.000010 0.000010 0.454566 0.545414
0.000010 0.000010 0.367026 0.632954
0.001839 0.000010 0.347194 0.650958
0.000010 0.000010 0.332288 0.667692
0.000010 0.000010 0.302251 0.697729
0.246264 0.000010 0.345292 0.408434
0.001414 0.000010 0.335562 0.663014
0.000010 0.000010 0.513625 0.486355
0.000250 0.000010 0.392949 0.606791
0.944931 0.017745 0.037314 0.000010
0.811177 0.000010 0.182969 0.005844
0.799940 0.042159 0.157891 0.000010
0.837637 0.000010 0.162343 0.000010
0.006217 0.000010 0.472216 0.521557
0.007860 0.000010 0.470522 0.521608
0.000010 0.000010 0.355662 0.644318
0.000010 0.000010 0.411664 0.588316
0.007008 0.000010 0.594998 0.397983
0.000010 0.000010 0.429712 0.570268
0.006824 0.000010 0.462727 0.530439
0.051141 0.000010 0.407114 0.541736
0.930705 0.013431 0.055854 0.000010
0.900633 0.012324 0.087033 0.000010
0.886586 0.000010 0.113394 0.000010
0.000916 0.000010 0.587504 0.411570
0.911054 0.023923 0.065013 0.000010
0.860653 0.031100 0.108237 0.000010
0.948841 0.000010 0.047107 0.004042
0.949488 0.039629 0.010873 0.000010
0.856362 0.027753 0.112268 0.003616
0.911272 0.000010 0.088708 0.000010
0.948494 0.034561 0.016935 0.000010
0.888198 0.060583 0.045936 0.005283
0.920166 0.000010 0.079814 0.000010
0.743046 0.000010 0.239407 0.017537
0.881551 0.000354 0.110246 0.007848
0.976487 0.007339 0.012975 0.003199
0.771055 0.015007 0.213928 0.000010
0.070849 0.000010 0.539331 0.389810
0.008018 0.000010 0.443041 0.548931
0.000010 0.055003 0.000010 0.944977
0.000010 0.020169 0.000010 0.979811
0.000010 0.020387 0.000010 0.979593
0.000010 0.023072 0.000010 0.976908
0.000010 0.013544 0.000010 0.986436
0.000010 0.031128 0.000010 0.968852
0.000010 0.008839 0.000010 0.991141
0.000010 0.000010 0.000010 0.999970
0.000010 0.017189 0.000010 0.982791
0.000010 0.034795 0.000010 0.965185
0.003006 0.017974 0.000010 0.979010
0.000010 0.019592 0.000010 0.980388
0.000010 0.004142 0.000010 0.995838
0.000010 0.016588 0.000010 0.983392
0.000010 0.019541 0.000010 0.980439
0.000010 0.018518 0.000010 0.981462
0.000010 0.000010 0.002643 0.997337
0.000010 0.030535 0.000010 0.969445
0.000010 0.000010 0.000010 0.999970
0.000010 0.007783 0.003833 0.988373
0.000010 0.002218 0.015442 0.982330
0.000010 0.029170 0.000010 0.970810
0.000010 0.025053 0.000010 0.974927
0.000010 0.000010 0.001416 0.998564
0.000010 0.000010 0.000010 0.999970
0.000010 0.015220 0.000010 0.984760
0.000010 0.022602 0.000010 0.977378
0.000010 0.014490 0.000010 0.985490
0.000010 0.019752 0.000010 0.980228
0.000015 0.000010 0.000010 0.999965
0.000010 0.023347 0.000010 0.976633
0.000010 0.023136 0.000010 0.976844
0.000010 0.015440 0.000010 0.984540
0.000010 0.017583 0.000010 0.982397
0.000010 0.017988 0.000010 0.981992
0.941729 0.000010 0.043699 0.014562
0.572188 0.000010 0.406496 0.021306
0.047524 0.000010 0.561473 0.390992
0.916632 0.009508 0.073850 0.000010
0.903019 0.010929 0.086042 0.000010
0.855455 0.000092 0.110820 0.033634
0.928371 0.031774 0.022471 0.017384
0.973488 0.000010 0.026492 0.000010
0.812937 0.000010 0.174698 0.012355
0.925607 0.005036 0.046725 0.022633
0.917242 0.000010 0.082738 0.000010
0.843157 0.010881 0.140055 0.005906
0.976533 0.005558 0.016757 0.001152
0.952165 0.000010 0.037445 0.010380
0.998870 0.001110 0.000010 0.000010
0.983323 0.000105 0.016562 0.000010
0.925722 0.000412 0.066205 0.007661
0.931607 0.000010 0.063918 0.004465
0.844167 0.033967 0.120876 0.000990
0.847161 0.005589 0.147240 0.000010
0.899185 0.039229 0.054276 0.007310
0.907900 0.003219 0.075655 0.013226
0.887608 0.025637 0.086745 0.000010
0.751731 0.000010 0.248249 0.000010
0.875027 0.007840 0.116023 0.001110
0.000010 0.662817 0.327781 0.009392
0.000010 0.714450 0.275115 0.010425
0.006463 0.725644 0.257343 0.010549
0.000010 0.705316 0.291485 0.003188
0.910579 0.000010 0.089401 0.000010
0.946528 0.000010 0.051355 0.002106
0.782560 0.001933 0.215497 0.000010
0.812661 0.010089 0.177241 0.000010
0.901058 0.007514 0.086434 0.004994
0.914465 0.000010 0.063300 0.022225
0.937531 0.000010 0.046335 0.016124
0.000010 0.036952 0.000010 0.963028
0.000010 0.017834 0.000010 0.982146
0.000010 0.017259 0.001063 0.981668
0.000010 0.051117 0.000010 0.948863
0.811530 0.000010 0.172954 0.015506
0.935365 0.017979 0.046646 0.000010
0.814989 0.029033 0.155968 0.000010
0.911081 0.029140 0.059769 0.000010
0.928002 0.000010 0.071978 0.000010
0.968797 0.000010 0.031183 0.000010
0.881765 0.027378 0.086659 0.004198
0.895311 0.016823 0.086050 0.001816
0.933756 0.020461 0.045773 0.000010
0.888250 0.055315 0.056425 0.000010
0.961382 0.000010 0.032767 0.005841
0.992643 0.000010 0.007337 0.000010
0.968133 0.008080 0.018005 0.005782
0.986587 0.000010 0.005462 0.007941
0.981661 0.006948 0.011381 0.000010
0.971822 0.000010 0.028158 0.000010
0.948737 0.000010 0.051243 0.000010
0.778600 0.040016 0.181374 0.000010
0.858166 0.000010 0.141814 0.000010
0.967406 0.022176 0.010408 0.000010
0.994547 0.000010 0.000010 0.005433
0.989401 0.000010 0.010579 0.000010
0.982640 0.000010 0.017340 0.000010
0.972119 0.020923 0.006948 0.000010
0.978788 0.000010 0.021192 0.000010
0.963687 0.017656 0.018648 0.000010
0.972036 0.017191 0.010763 0.000010
0.004549 0.664415 0.331025 0.000010
0.000010 0.777615 0.196939 0.025436
0.000010 0.801364 0.198404 0.000221
0.000010 0.702899 0.288059 0.009032
0.000010 0.624039 0.352811 0.023140
0.994947 0.000010 0.005030 0.000013
0.986817 0.001357 0.011816 0.000010
0.951298 0.021917 0.026775 0.000010
0.945050 0.000010 0.038662 0.016278
0.980733 0.000010 0.018885 0.000372
0.984058 0.006946 0.008985 0.000010
0.980285 0.000010 0.019695 0.000010
0.985453 0.014527 0.000010 0.000010
0.988004 0.009923 0.000010 0.002063
0.980229 0.010615 0.009147 0.000010
0.977002 0.003182 0.019806 0.000010
0.971403 0.019900 0.008687 0.000010
0.978109 0.000010 0.021871 0.000010
0.965863 0.000010 0.034117 0.000010
0.981510 0.018470 0.000010 0.000010
0.991598 0.000010 0.008382 0.000010
0.000010 0.621271 0.377236 0.001483
0.000010 0.626970 0.373010 0.000010
0.000010 0.723510 0.276470 0.000010
0.000010 0.691448 0.288635 0.019907
0.000010 0.647812 0.352168 0.000010
0.000010 0.633640 0.366340 0.000010
0.000010 0.769067 0.212803 0.018121
0.000010 0.752374 0.226426 0.021190
0.000010 0.724957 0.253039 0.021994
0.000010 0.710572 0.275462 0.013957
0.997160 0.002820 0.000010 0.000010
0.972564 0.013502 0.013924 0.000010
0.993295 0.000010 0.006685 0.000010
0.965684 0.000010 0.028967 0.005339
0.963452 0.008633 0.027904 0.000010
0.978984 0.000010 0.020996 0.000010
0.000010 0.641372 0.358608 0.000010
0.000010 0.650593 0.341134 0.008263
0.000010 0.849769 0.136712 0.013509
0.000010 0.877785 0.090629 0.031576
0.000010 0.916033 0.076680 0.007277
0.000010 0.860934 0.118908 0.020149
0.000010 0.665716 0.320483 0.013791
0.000010 0.652862 0.347118 0.000010
0.000010 0.576248 0.401168 0.022575
0.000010 0.769503 0.214999 0.015488
0.000010 0.678281 0.321699 0.000010
0.000010 0.626176 0.373804 0.000010
0.000010 0.687094 0.297144 0.015752
0.966319 0.023004 0.010667 0.000010
0.994202 0.000010 0.005778 0.000010
0.983767 0.000010 0.014489 0.001733
0.988558 0.000010 0.000010 0.011422
0.983623 0.000010 0.009550 0.006817
0.982224 0.000010 0.004842 0.012924
0.000010 0.888286 0.075495 0.036208
0.000010 0.882120 0.067760 0.050110
0.003727 0.832098 0.099048 0.065126
0.000010 0.879365 0.077006 0.043619
0.000010 0.797196 0.195731 0.007062
0.000010 0.733607 0.266373 0.000010
0.000010 0.656100 0.327228 0.016662
0.000010 0.660690 0.317687 0.021614
0.000010 0.694502 0.296147 0.009340
0.980306 0.011186 0.008499 0.000010
0.974059 0.023669 0.002262 0.000010
0.973043 0.000010 0.020239 0.006708
0.963829 0.001723 0.034439 0.000010
0.973731 0.014083 0.012176 0.000010
0.994378 0.000010 0.002059 0.003553
0.959641 0.004793 0.007551 0.028016
0.996181 0.000087 0.003721 0.000010
0.986202 0.000010 0.013778 0.000010
0.000010 0.822333 0.177647 0.000010
0.000010 0.829884 0.115305 0.054801
0.000010 0.879952 0.089480 0.030558
0.000010 0.825379 0.147393 0.027218
0.000010 0.869593 0.087075 0.043322
0.000010 0.828353 0.136150 0.035488
0.000010 0.860605 0.101784 0.037601
0.000010 0.870273 0.093821 0.035897
0.000010 0.839258 0.118298 0.042434
0.000010 0.843804 0.104483 0.051703
0.000010 0.895909 0.071164 0.032917
0.000010 0.893050 0.094140 0.012800
0.982816 0.011497 0.005677 0.000010
0.967050 0.000010 0.032930 0.000010
0.982365 0.000010 0.000010 0.017615
0.990009 0.004506 0.005475 0.000010
0.971066 0.000010 0.028914 0.000010
0.962503 0.000010 0.037477 0.000010
0.921167 0.000010 0.078813 0.000010
0.983176 0.000010 0.016804 0.000010
0.977473 0.000010 0.022507 0.000010
0.983397 0.000010 0.016583 0.000010
0.971182 0.010657 0.018151 0.000010
0.966599 0.016722 0.016669 0.000010
0.986396 0.000010 0.013584 0.000010
0.974561 0.000010 0.025419 0.000010
0.978547 0.000010 0.012761 0.008682
0.977299 0.000701 0.021990 0.000010
0.968531 0.026526 0.004933 0.000010
0.979331 0.013819 0.006840 0.000010
0.994131 0.000010 0.005849 0.000010
0.974052 0.006571 0.019368 0.000010
0.989018 0.000010 0.010962 0.000010
0.979474 0.000275 0.020241 0.000010
0.983768 0.000010 0.016212 0.000010
0.971996 0.000010 0.022988 0.005006
0.971642 0.009883 0.018465 0.000010
