0.000010 0.005398 0.015039 0.000010 0.000010 0.979533
0.000010 0.000010 0.008679 0.000010 0.036118 0.955173
0.000010 0.000010 0.023199 0.000010 0.000010 0.976761
0.000010 0.005539 0.004022 0.000010 0.015289 0.975130
0.000010 0.004559 0.000010 0.000010 0.000010 0.995401
0.000010 0.000010 0.019830 0.000010 0.025508 0.954632
0.000010 0.000010 0.000781 0.000010 0.007866 0.991323
0.000010 0.000010 0.023311 0.000010 0.000010 0.976649
0.000010 0.000010 0.017758 0.000010 0.037129 0.945083
0.000010 0.011874 0.015765 0.000010 0.000010 0.972331
0.000010 0.000010 0.022376 0.000010 0.000010 0.977584
0.000010 0.000010 0.010352 0.000010 0.000010 0.989608
0.000010 0.007397 0.024656 0.000010 0.000010 0.967917
0.000010 0.000010 0.013505 0.000010 0.024887 0.961577
0.000010 0.000010 0.023840 0.000010 0.008389 0.967741
0.000010 0.010977 0.003587 0.000010 0.015486 0.969930
0.000010 0.019130 0.000010 0.000010 0.000010 0.980830
0.000010 0.000010 0.001741 0.000010 0.000010 0.998219
0.000010 0.000010 0.003104 0.000010 0.000010 0.996856
0.000010 0.000010 0.027495 0.000010 0.011285 0.961189
0.000010 0.000010 0.007174 0.000010 0.000010 0.992786
0.000010 0.003262 0.005313 0.000010 0.013756 0.977649
0.000010 0.000010 0.000010 0.000010 0.004586 0.995374
0.000010 0.000010 0.006451 0.000010 0.000010 0.993509
0.000010 0.000010 0.030825 0.000010 0.000010 0.969135
0.000010 0.000010 0.000010 0.000010 0.000849 0.999111
0.000010 0.000010 0.019172 0.000010 0.017235 0.963563
0.000010 0.000010 0.000010 0.000010 0.002210 0.997750
0.000010 0.000010 0.000010 0.000010 0.039683 0.960277
0.000010 0.013581 0.000010 0.000010 0.017221 0.969168
0.000010 0.000010 0.006206 0.000010 0.000010 0.993754
0.000010 0.000010 0.000010 0.000010 0.026028 0.973932
0.000010 0.000010 0.019432 0.000010 0.005759 0.974778
0.000010 0.000010 0.000889 0.000010 0.011648 0.987432
0.000010 0.000010 0.000010 0.000010 0.000010 0.999950
0.000010 0.000010 0.011100 0.000010 0.000010 0.988860
0.000010 0.020188 0.007137 0.000010 0.000010 0.972645
0.000010 0.000010 0.030244 0.000010 0.000010 0.969716
0.000010 0.007271 0.011828 0.000010 0.006825 0.974056
0.000010 0.000010 0.007188 0.000010 0.008514 0.984268
0.000010 0.000010 0.005691 0.000010 0.000010 0.994269
0.000010 0.000010 0.004626 0.000010 0.000010 0.995334
0.000010 0.000010 0.019941 0.000010 0.010505 0.969524
0.000011 0.000010 0.014926 0.002577 0.012812 0.969665
0.000010 0.000010 0.000417 0.000010 0.000010 0.999543
0.000010 0.000605 0.013472 0.000010 0.004691 0.981211
0.000010 0.013275 0.002273 0.000010 0.000010 0.984422
0.000010 0.000010 0.009278 0.000010 0.000010 0.990682
0.000010 0.000010 0.012850 0.000010 0.000010 0.987110
0.000010 0.000010 0.000010 0.000010 0.000010 0.999950
0.000010 0.005093 0.022269 0.000010 0.008058 0.964561
0.000010 0.008799 0.000010 0.000010 0.000010 0.991161
0.000010 0.000010 0.036142 0.000010 0.000010 0.963818
0.000010 0.002720 0.013015 0.000010 0.000010 0.984235
0.000010 0.000010 0.000010 0.000010 0.000010 0.999950
0.000010 0.079250 0.029801 0.000010 0.000010 0.890919
0.000010 0.034435 0.028071 0.000010 0.000010 0.937464
0.000010 0.061748 0.021941 0.000010 0.000010 0.916281
0.000010 0.074470 0.034230 0.000010 0.000010 0.891270
0.000012 0.049893 0.031889 0.000010 0.000010 0.918186
0.000010 0.047740 0.039586 0.000010 0.000010 0.912644
0.000010 0.064750 0.023702 0.000010 0.000010 0.911518
0.000010 0.081553 0.018094 0.000010 0.015973 0.884360
0.000010 0.020365 0.020330 0.000010 0.088456 0.870828
0.000010 0.053814 0.051821 0.000010 0.033153 0.861192
0.000010 0.059239 0.024609 0.000010 0.036158 0.879974
0.000010 0.076800 0.029408 0.000010 0.000010 0.893762
0.000010 0.050202 0.049132 0.000010 0.000010 0.900636
0.000010 0.083777 0.025123 0.000010 0.000010 0.891069
0.000010 0.043373 0.039328 0.000010 0.006305 0.910973
0.000010 0.068777 0.008630 0.000010 0.000010 0.922562
0.000010 0.065533 0.019220 0.000010 0.000010 0.915217
0.000010 0.000010 0.022246 0.000010 0.000010 0.977714
0.000010 0.000010 0.000010 0.000010 0.000010 0.999950
0.000010 0.003681 0.002159 0.000010 0.000010 0.994130
0.000010 0.000010 0.002776 0.000010 0.000010 0.997184
0.000010 0.000010 0.008757 0.000010 0.016996 0.974217
0.000010 0.005413 0.019415 0.000010 0.000010 0.975142
0.000010 0.012018 0.000010 0.000010 0.000415 0.987538
0.000010 0.000010 0.016902 0.000010 0.000010 0.983058
0.000010 0.000010 0.008307 0.000010 0.000010 0.991653
0.000010 0.002412 0.009062 0.000010 0.000228 0.988279
0.000010 0.002878 0.034241 0.000010 0.000010 0.962851
0.000010 0.000010 0.000010 0.000010 0.018800 0.981160
0.000010 0.000010 0.002951 0.000010 0.008499 0.988520
0.000010 0.000010 0.013545 0.000010 0.000010 0.986415
0.000010 0.019976 0.001068 0.000010 0.012552 0.966384
0.000010 0.000010 0.008386 0.000010 0.022774 0.968811
0.000010 0.012164 0.000010 0.000010 0.002856 0.984950
0.000010 0.000010 0.000010 0.000010 0.000010 0.999950
0.000010 0.000010 0.007357 0.000010 0.000010 0.992603
0.000010 0.000010 0.006496 0.000010 0.022612 0.970862
0.000010 0.022589 0.005914 0.000010 0.005589 0.965887
0.000010 0.003062 0.000333 0.000010 0.000010 0.996575
0.000010 0.000010 0.008842 0.000010 0.018042 0.973086
0.000010 0.000010 0.013964 0.000010 0.007460 0.978546
0.000010 0.000010 0.000010 0.000010 0.007457 0.992503
0.000010 0.000010 0.004493 0.000010 0.000010 0.995467
0.000010 0.001933 0.000010 0.000010 0.041217 0.956821
0.000010 0.000010 0.022036 0.000010 0.000010 0.977924
0.000010 0.000010 0.000010 0.000010 0.011662 0.988298
0.000010 0.000010 0.022967 0.000010 0.008098 0.968905
0.000010 0.000010 0.002982 0.000010 0.000010 0.996978
0.000010 0.040184 0.025353 0.000010 0.018890 0.915553
0.000010 0.066698 0.038204 0.000010 0.009980 0.885098
0.000010 0.058025 0.027925 0.000010 0.000010 0.914020
0.000010 0.038954 0.039201 0.000010 0.000010 0.921815
0.000010 0.045775 0.036731 0.000010 0.020583 0.896891
0.000010 0.063882 0.035880 0.000010 0.009637 0.890581
0.000010 0.087692 0.000010 0.000010 0.000010 0.912268
0.000010 0.036165 0.038067 0.000010 0.000010 0.925738
0.000010 0.057779 0.005106 0.000010 0.003447 0.933648
0.000010 0.084010 0.022913 0.000010 0.000010 0.893048
0.000010 0.027317 0.031104 0.000010 0.000010 0.941550
0.000010 0.037918 0.026908 0.000010 0.014086 0.921069
0.000010 0.030413 0.055487 0.000010 0.009420 0.904661
0.000010 0.036051 0.030185 0.000010 0.000010 0.933734
0.000010 0.067007 0.008250 0.000010 0.000010 0.924713
0.000010 0.072761 0.015240 0.000010 0.000010 0.911969
0.000010 0.072145 0.049838 0.000010 0.000010 0.877988
0.000010 0.034896 0.031190 0.000010 0.056158 0.877736
0.000010 0.029374 0.051767 0.000010 0.054224 0.864615
0.000010 0.070339 0.012873 0.000010 0.000010 0.916758
0.000010 0.052171 0.021431 0.000010 0.000010 0.926368
0.000010 0.066900 0.030105 0.000010 0.015487 0.887489
0.000010 0.079485 0.004350 0.000010 0.000010 0.916135
0.000010 0.038691 0.024252 0.000013 0.000010 0.937024
0.000010 0.038148 0.037038 0.000010 0.000010 0.924784
0.000010 0.057807 0.037918 0.000010 0.000010 0.904245
0.000010 0.053215 0.038400 0.000010 0.000010 0.908354
0.000010 0.041923 0.009964 0.000010 0.000010 0.948083
0.000010 0.091066 0.000645 0.000010 0.000010 0.908259
0.000010 0.020917 0.035984 0.000010 0.000010 0.943069
0.000010 0.050095 0.031475 0.000010 0.033946 0.884463
0.000011 0.043646 0.039733 0.000010 0.000010 0.916590
0.000010 0.063002 0.036693 0.000010 0.000010 0.900275
0.000010 0.085985 0.018844 0.000010 0.000010 0.895141
0.000010 0.038913 0.026392 0.000010 0.000010 0.934665
0.000010 0.066767 0.024188 0.000010 0.000010 0.909015
0.000010 0.045636 0.026995 0.000010 0.000010 0.927338
0.000010 0.046630 0.014443 0.000010 0.018478 0.920430
0.000010 0.054294 0.025432 0.000010 0.000010 0.920243
0.000010 0.053180 0.037828 0.000010 0.000010 0.908963
0.000010 0.028517 0.029774 0.000010 0.020834 0.920855
0.000010 0.038651 0.021134 0.000010 0.004464 0.935732
0.000010 0.046253 0.019947 0.000010 0.000010 0.933770
0.000010 0.072488 0.038296 0.000010 0.000010 0.889186
0.000010 0.046894 0.020066 0.000010 0.000010 0.933010
0.000010 0.030885 0.022469 0.000010 0.035960 0.910666
0.000010 0.049759 0.020584 0.000010 0.002487 0.927150
0.000010 0.030823 0.041900 0.006465 0.023000 0.897802
0.000010 0.078429 0.014346 0.000010 0.000010 0.907195
0.000010 0.021949 0.056878 0.000010 0.007443 0.913710
0.000010 0.019540 0.032076 0.000010 0.005957 0.942407
0.000010 0.071010 0.019982 0.000010 0.011512 0.897476
0.000010 0.040172 0.046385 0.000010 0.000010 0.913413
0.000010 0.074982 0.027034 0.000010 0.000010 0.897954
0.000010 0.021264 0.010014 0.000010 0.000010 0.968692
0.000010 0.048370 0.018494 0.000010 0.000010 0.933106
0.000010 0.047175 0.020747 0.000010 0.000010 0.932048
0.000010 0.048681 0.018735 0.000010 0.000010 0.932554
0.000010 0.052905 0.022805 0.000010 0.000010 0.924260
0.000010 0.049221 0.025678 0.000010 0.000010 0.925071
0.000010 0.064304 0.057097 0.000010 0.000010 0.878569
0.000010 0.040160 0.042945 0.000010 0.037165 0.879710
0.000010 0.056885 0.043985 0.000010 0.010467 0.888643
0.000010 0.045521 0.012485 0.000010 0.000010 0.941964
0.000010 0.054013 0.019838 0.000010 0.000010 0.926119
0.000010 0.075760 0.031192 0.000010 0.000010 0.893017
0.000010 0.042273 0.035135 0.000010 0.012917 0.909654
0.000010 0.076030 0.033029 0.000010 0.000010 0.890911
0.000010 0.071563 0.034186 0.000010 0.000010 0.894221
0.000011 0.080470 0.012376 0.000010 0.003335 0.903798
0.000010 0.073290 0.004817 0.000010 0.000010 0.921864
0.000010 0.052278 0.005702 0.000010 0.014343 0.927657
0.000010 0.060345 0.022728 0.000010 0.000651 0.916256
0.000010 0.085401 0.017368 0.000010 0.000010 0.897201
0.000010 0.036983 0.013933 0.000010 0.000010 0.949054
0.000010 0.077620 0.008447 0.000010 0.000010 0.913904
0.000010 0.058321 0.010403 0.000010 0.014378 0.916878
0.000010 0.043461 0.009829 0.000010 0.000010 0.946680
0.000010 0.031747 0.024432 0.000010 0.000010 0.943791
0.000010 0.039585 0.048605 0.000010 0.025170 0.886619
0.000010 0.044127 0.019461 0.000010 0.000010 0.936383
0.000010 0.041756 0.022692 0.000010 0.000010 0.935522
0.000010 0.976706 0.023254 0.000010 0.000010 0.000010
0.000010 0.982917 0.017043 0.000010 0.000010 0.000010
0.000010 0.999950 0.000010 0.000010 0.000010 0.000010
0.000010 0.983350 0.016610 0.000010 0.000010 0.000010
0.000010 0.986019 0.004967 0.000010 0.008984 0.000010
0.000010 0.999950 0.000010 0.000010 0.000010 0.000010
0.000010 0.999950 0.000010 0.000010 0.000010 0.000010
0.000010 0.993004 0.000352 0.000010 0.000010 0.006613
0.000010 0.999950 0.000010 0.000010 0.000010 0.000010
0.000010 0.999950 0.000010 0.000010 0.000010 0.000010
0.000010 0.985610 0.014350 0.000010 0.000010 0.000010
0.000010 0.991220 0.008740 0.000010 0.000010 0.000010
0.000010 0.999950 0.000010 0.000010 0.000010 0.000010
0.000010 0.981534 0.018426 0.000010 0.000010 0.000010
0.000010 0.999950 0.000010 0.000010 0.000010 0.000010
0.000010 0.998591 0.001369 0.000010 0.000010 0.000010
0.000010 0.979897 0.020063 0.000010 0.000010 0.000010
0.000010 0.999950 0.000010 0.000010 0.000010 0.000010
0.000010 0.975388 0.018842 0.000010 0.000010 0.005739
0.000010 0.989352 0.010608 0.000010 0.000010 0.000010
0.000010 0.993443 0.006517 0.000010 0.000010 0.000010
0.000010 0.992485 0.007475 0.000010 0.000010 0.000010
0.000010 0.998379 0.001581 0.000010 0.000010 0.000010
0.000010 0.984814 0.015146 0.000010 0.000010 0.000010
0.000010 0.996052 0.000010 0.000010 0.000010 0.003908
0.000010 0.993273 0.006687 0.000010 0.000010 0.000010
0.000010 0.999950 0.000010 0.000010 0.000010 0.000010
0.000010 0.999950 0.000010 0.000010 0.000010 0.000010
0.000010 0.994482 0.005478 0.000010 0.000010 0.000010
0.000010 0.999950 0.000010 0.000010 0.000010 0.000010
0.000010 0.995800 0.000010 0.000010 0.004160 0.000010
0.000010 0.999950 0.000010 0.000010 0.000010 0.000010
0.000010 0.992954 0.007006 0.000010 0.000010 0.000010
0.000010 0.989596 0.000010 0.000010 0.002321 0.008053
0.000010 0.999950 0.000010 0.000010 0.000010 0.000010
0.000010 0.993627 0.006333 0.000010 0.000010 0.000010
0.000010 0.999950 0.000010 0.000010 0.000010 0.000010
0.000010 0.999950 0.000010 0.000010 0.000010 0.000010
0.000010 0.968431 0.031529 0.000010 0.000010 0.000010
0.000010 0.981263 0.010835 0.000010 0.001303 0.006579
0.000010 0.985713 0.014247 0.000010 0.000010 0.000010
0.000010 0.978780 0.019146 0.000010 0.000010 0.002043
0.010244 0.009907 0.137587 0.079833 0.000010 0.762419
0.063723 0.000010 0.212197 0.122545 0.048505 0.553021
0.045432 0.000010 0.127148 0.040847 0.038701 0.747862
0.000010 0.990353 0.009607 0.000010 0.000010 0.000010
0.000010 0.998002 0.001958 0.000010 0.000010 0.000010
0.000010 0.988931 0.011029 0.000010 0.000010 0.000010
0.000010 0.996879 0.003081 0.000010 0.000010 0.000010
0.000010 0.999950 0.000010 0.000010 0.000010 0.000010
0.000010 0.995323 0.000010 0.000010 0.000010 0.004637
0.000010 0.995912 0.003626 0.000010 0.000431 0.000010
0.000010 0.989506 0.004716 0.000010 0.000010 0.005748
0.000010 0.999950 0.000010 0.000010 0.000010 0.000010
0.000010 0.990858 0.009102 0.000010 0.000010 0.000010
0.000010 0.992260 0.007700 0.000010 0.000010 0.000010
0.000010 0.990424 0.000010 0.000010 0.003271 0.006276
0.000010 0.975698 0.024262 0.000010 0.000010 0.000010
0.000010 0.999948 0.000010 0.000012 0.000010 0.000010
0.000010 0.999950 0.000010 0.000010 0.000010 0.000010
0.000010 0.999950 0.000010 0.000010 0.000010 0.000010
0.000010 0.998619 0.001341 0.000010 0.000010 0.000010
0.000010 0.999950 0.000010 0.000010 0.000010 0.000010
0.000010 0.997108 0.002852 0.000010 0.000010 0.000010
0.000010 0.993843 0.006117 0.000010 0.000010 0.000010
0.000010 0.981350 0.018610 0.000010 0.000010 0.000010
0.000010 0.965141 0.034819 0.000010 0.000010 0.000010
0.000010 0.999950 0.000010 0.000010 0.000010 0.000010
0.000010 0.994143 0.005817 0.000010 0.000010 0.000010
0.000010 0.984478 0.015482 0.000010 0.000010 0.000010
0.000010 0.999950 0.000010 0.000010 0.000010 0.000010
0.000010 0.999950 0.000010 0.000010 0.000010 0.000010
0.000010 0.984396 0.015564 0.000010 0.000010 0.000010
0.000010 0.978452 0.008047 0.000010 0.013471 0.000010
0.000010 0.999950 0.000010 0.000010 0.000010 0.000010
0.000010 0.986129 0.013831 0.000010 0.000010 0.000010
0.000010 0.992698 0.007262 0.000010 0.000010 0.000010
0.000010 0.999950 0.000010 0.000010 0.000010 0.000010
0.000010 0.997051 0.000010 0.000010 0.000010 0.002909
0.000010 0.999950 0.000010 0.000010 0.000010 0.000010
0.038580 0.001398 0.107276 0.104533 0.037084 0.711130
0.049183 0.025785 0.123855 0.120373 0.000010 0.680795
0.037817 0.019055 0.106057 0.041853 0.000375 0.794842
0.001883 0.000010 0.138833 0.078880 0.049746 0.730649
0.000010 0.999950 0.000010 0.000010 0.000010 0.000010
0.000010 0.990109 0.009851 0.000010 0.000010 0.000010
0.000010 0.984529 0.000010 0.000010 0.015431 0.000010
0.000010 0.995605 0.004355 0.000010 0.000010 0.000010
0.000010 0.999950 0.000010 0.000010 0.000010 0.000010
0.000010 0.983706 0.009836 0.000010 0.006428 0.000010
0.000010 0.994708 0.005252 0.000010 0.000010 0.000010
0.000010 0.988268 0.011692 0.000010 0.000010 0.000010
0.000010 0.999950 0.000010 0.000010 0.000010 0.000010
0.000010 0.999950 0.000010 0.000010 0.000010 0.000010
0.000010 0.999950 0.000010 0.000010 0.000010 0.000010
0.000010 0.999950 0.000010 0.000010 0.000010 0.000010
0.000010 0.999950 0.000010 0.000010 0.000010 0.000010
0.000010 0.999950 0.000010 0.000010 0.000010 0.000010
0.000010 0.999950 0.000010 0.000010 0.000010 0.000010
0.000010 0.999950 0.000010 0.000010 0.000010 0.000010
0.000010 0.988589 0.000024 0.000010 0.011357 0.000010
0.000010 0.998378 0.000010 0.000010 0.000010 0.001582
0.000010 0.991061 0.000010 0.000010 0.001029 0.007880
0.000010 0.983831 0.016129 0.000010 0.000010 0.000010
0.000010 0.999950 0.000010 0.000010 0.000010 0.000010
0.000010 0.999950 0.000010 0.000010 0.000010 0.000010
0.000010 0.999950 0.000010 0.000010 0.000010 0.000010
0.000010 0.999950 0.000010 0.000010 0.000010 0.000010
0.000010 0.992141 0.003746 0.000010 0.000010 0.004083
0.000010 0.999950 0.000010 0.000010 0.000010 0.000010
0.000010 0.984156 0.000010 0.000010 0.015804 0.000010
0.000010 0.999950 0.000010 0.000010 0.000010 0.000010
0.037040 0.003656 0.092452 0.000010 0.010457 0.856385
0.010261 0.000010 0.148704 0.035063 0.022627 0.783334
0.100916 0.000066 0.216656 0.019649 0.000010 0.662703
0.002009 0.000010 0.118783 0.073977 0.000010 0.805212
0.043780 0.000010 0.100509 0.037298 0.000010 0.818393
0.016301 0.007840 0.056556 0.041267 0.000010 0.878025
0.103800 0.022465 0.134624 0.008713 0.000010 0.730388
0.017885 0.000010 0.061520 0.043024 0.013264 0.864298
0.039137 0.006222 0.212177 0.048042 0.023308 0.671114
0.000010 0.993425 0.000010 0.000010 0.006535 0.000010
0.000010 0.997946 0.000010 0.000010 0.002014 0.000010
0.000010 0.975880 0.000010 0.000010 0.014263 0.009826
0.000010 0.977633 0.007977 0.000010 0.014361 0.000010
0.000010 0.970326 0.000010 0.000010 0.029634 0.000010
0.000010 0.998114 0.001846 0.000010 0.000010 0.000010
0.000010 0.999950 0.000010 0.000010 0.000010 0.000010
0.000010 0.986673 0.000010 0.000010 0.013287 0.000010
0.000010 0.978997 0.000010 0.000010 0.012970 0.008003
0.000010 0.978325 0.000010 0.000010 0.021635 0.000010
0.000010 0.994776 0.000010 0.000010 0.000010 0.005184
0.000010 0.987174 0.000010 0.000010 0.012786 0.000010
0.000010 0.987870 0.000010 0.000010 0.012090 0.000010
0.000010 0.979858 0.000010 0.000010 0.020102 0.000010
0.000010 0.977060 0.008287 0.000010 0.014622 0.000010
0.040095 0.000010 0.078850 0.037305 0.014328 0.829412
0.040851 0.013082 0.131554 0.069194 0.000010 0.745309
0.089635 0.000010 0.163793 0.137949 0.003212 0.605401
0.083904 0.010950 0.204455 0.139565 0.000010 0.561115
0.119588 0.003478 0.170521 0.099185 0.000010 0.607218
0.000010 0.000010 0.172309 0.061103 0.000010 0.766558
0.062915 0.000010 0.102405 0.067770 0.022177 0.744723
0.067397 0.000010 0.168116 0.074873 0.000010 0.689594
0.084103 0.019161 0.106409 0.000010 0.019373 0.770945
0.023463 0.000010 0.166460 0.039561 0.000010 0.770495
0.138234 0.015113 0.142290 0.206835 0.000010 0.497518
0.062495 0.005715 0.115570 0.107083 0.000010 0.709127
0.000010 0.008977 0.123791 0.057089 0.004513 0.805620
0.054484 0.000010 0.132406 0.032953 0.018381 0.761765
0.028636 0.000010 0.165609 0.078313 0.051061 0.676371
0.000010 0.000010 0.175849 0.053294 0.012423 0.758414
0.057151 0.000010 0.143569 0.017254 0.000010 0.782006
0.066926 0.018981 0.126635 0.019504 0.000010 0.767944
0.023388 0.031093 0.040170 0.062384 0.000010 0.842956
0.086884 0.015760 0.160832 0.113582 0.038965 0.583978
0.047351 0.004637 0.130203 0.125331 0.022176 0.670303
0.035363 0.000010 0.220776 0.049416 0.001466 0.692969
0.046454 0.013771 0.136229 0.159215 0.020498 0.623833
0.076888 0.005517 0.154044 0.027895 0.027020 0.708636
0.041526 0.001400 0.110483 0.088640 0.067523 0.690429
0.052036 0.000010 0.186202 0.077498 0.029519 0.654735
0.055748 0.000010 0.121997 0.129448 0.000010 0.692787
0.061014 0.000010 0.132955 0.096439 0.000010 0.709572
0.058826 0.001809 0.112423 0.193400 0.061507 0.572035
0.017730 0.022031 0.109142 0.098857 0.020574 0.731666
0.049360 0.000010 0.129675 0.067239 0.000010 0.753706
0.071598 0.000010 0.154454 0.017598 0.015324 0.741016
0.032526 0.000010 0.142929 0.071387 0.011630 0.741518
0.065390 0.000010 0.162115 0.093550 0.000010 0.678924
0.050924 0.000010 0.130414 0.127496 0.000010 0.691146
0.032618 0.000010 0.119028 0.057337 0.022908 0.768098
0.025893 0.000010 0.089897 0.053561 0.005496 0.825144
0.164834 0.000010 0.113429 0.073165 0.000010 0.648552
0.269424 0.027624 0.070742 0.355910 0.000010 0.276291
0.023603 0.000010 0.129861 0.097312 0.036153 0.713060
0.018704 0.001374 0.156776 0.103748 0.000010 0.719388
0.017425 0.000010 0.072223 0.006090 0.025397 0.878854
0.000010 0.010870 0.278744 0.014392 0.021493 0.674491
0.028924 0.000010 0.133140 0.004782 0.000010 0.833134
0.013917 0.000010 0.329922 0.033517 0.000010 0.622625
0.046211 0.000010 0.209553 0.025626 0.032813 0.685788
0.000010 0.000010 0.306276 0.155395 0.000010 0.538299
0.035588 0.000010 0.239781 0.061401 0.043853 0.619366
0.002950 0.012062 0.255300 0.059483 0.020734 0.649471
0.000010 0.004175 0.233317 0.071099 0.008827 0.682571
0.007993 0.000010 0.157076 0.015886 0.007597 0.811439
0.016572 0.009157 0.232788 0.101601 0.000389 0.639493
0.012006 0.010597 0.277818 0.082583 0.000010 0.616986
0.017847 0.000010 0.351255 0.000010 0.026490 0.604389
0.097047 0.002693 0.325123 0.075307 0.000010 0.499820
0.000010 0.000010 0.257728 0.047430 0.054415 0.640408
0.105957 0.000010 0.367421 0.083310 0.000010 0.443292
0.062126 0.000010 0.245658 0.000010 0.000010 0.692185
0.024899 0.000010 0.454105 0.073605 0.029131 0.418250
0.102598 0.036975 0.161781 0.089000 0.003200 0.606446
0.068320 0.000010 0.190307 0.036335 0.025755 0.679273
0.006985 0.000010 0.138952 0.087701 0.000010 0.766342
0.160743 0.009873 0.128060 0.083405 0.000010 0.617909
0.000010 0.000010 0.084018 0.029601 0.054806 0.831554
0.002511 0.024791 0.139875 0.116996 0.000010 0.715816
0.056496 0.002940 0.143966 0.117777 0.035026 0.643795
0.059390 0.003820 0.050659 0.026194 0.000010 0.859927
0.005257 0.000010 0.114194 0.052027 0.000010 0.828503
0.025454 0.024230 0.145491 0.065008 0.017393 0.722424
0.037158 0.005345 0.196473 0.042576 0.000010 0.718438
0.024854 0.006611 0.154653 0.101501 0.000010 0.712371
0.058816 0.004324 0.165012 0.073520 0.000010 0.698317
0.057048 0.000010 0.278702 0.117433 0.000010 0.546797
0.095439 0.000010 0.193974 0.098930 0.081717 0.529931
0.027186 0.015251 0.234830 0.120107 0.000010 0.602616
0.043484 0.008705 0.210578 0.044463 0.042734 0.650035
0.024042 0.000010 0.147247 0.042516 0.000010 0.786174
0.045483 0.000010 0.134512 0.132387 0.026800 0.660807
0.031348 0.000010 0.117582 0.015907 0.015368 0.819785
0.044397 0.004090 0.122771 0.067268 0.037605 0.723869
0.055346 0.000010 0.122723 0.068838 0.039320 0.713763
0.374322 0.000010 0.066133 0.313696 0.005764 0.240074
0.277679 0.005930 0.063496 0.216377 0.024911 0.411607
0.076279 0.000010 0.176843 0.121973 0.050287 0.574608
0.065986 0.000010 0.123680 0.036691 0.033228 0.740405
0.011723 0.000010 0.335480 0.071591 0.000010 0.581186
0.000010 0.000010 0.276593 0.019561 0.021250 0.682575
0.044467 0.000010 0.235019 0.003566 0.000010 0.716928
0.045993 0.000010 0.294895 0.130835 0.023385 0.504882
0.008876 0.007397 0.183519 0.000031 0.000010 0.800166
0.000010 0.000010 0.320066 0.011945 0.000010 0.667959
0.033013 0.009826 0.136078 0.000010 0.000010 0.821063
0.081421 0.000010 0.324135 0.044654 0.000010 0.549770
0.026942 0.000010 0.275937 0.051861 0.000010 0.645240
0.018139 0.000010 0.272313 0.063325 0.015239 0.630974
0.076418 0.019425 0.312893 0.096134 0.015391 0.479739
0.000010 0.003732 0.064552 0.013623 0.000010 0.918073
0.000010 0.000010 0.344668 0.016967 0.023227 0.615117
0.018959 0.000010 0.259398 0.008283 0.000010 0.713340
0.000010 0.006093 0.237932 0.035397 0.037434 0.683134
0.024544 0.029569 0.205703 0.047183 0.015042 0.677958
0.085023 0.000010 0.129989 0.137524 0.003800 0.643655
0.033847 0.020327 0.180790 0.082010 0.043325 0.639700
0.001973 0.015284 0.191073 0.116823 0.028214 0.646632
0.062440 0.009258 0.168788 0.109253 0.026179 0.624082
0.052335 0.007026 0.164125 0.191819 0.006147 0.578547
0.089123 0.005063 0.094527 0.000010 0.000010 0.811267
0.009762 0.000010 0.107355 0.119274 0.000010 0.763589
0.072270 0.000010 0.168003 0.036142 0.016363 0.707213
0.043854 0.000010 0.096557 0.087947 0.007365 0.764267
0.055808 0.000010 0.188736 0.045511 0.000010 0.709924
0.000010 0.000866 0.011200 0.000010 0.025275 0.962639
0.000010 0.002843 0.565594 0.000010 0.000010 0.431533
0.134643 0.003700 0.232209 0.243639 0.019898 0.365911
0.013759 0.001338 0.389532 0.033492 0.002610 0.559269
0.042001 0.000010 0.223565 0.022417 0.020621 0.691386
0.014875 0.031260 0.381051 0.031358 0.000010 0.541447
0.000010 0.000010 0.396655 0.079770 0.030237 0.493317
0.000010 0.000010 0.297428 0.003154 0.054672 0.644726
0.000399 0.000010 0.189389 0.032952 0.000010 0.777240
0.000010 0.001671 0.149618 0.012155 0.025162 0.811383
0.007289 0.000010 0.303550 0.054871 0.014485 0.619794
0.009603 0.037169 0.294762 0.005673 0.000010 0.652783
0.015706 0.005439 0.237296 0.028683 0.062338 0.650539
0.022807 0.025603 0.215666 0.050964 0.017644 0.667316
0.090907 0.046111 0.197546 0.044307 0.000010 0.621120
0.088068 0.011048 0.319961 0.095994 0.000010 0.484919
0.037647 0.005538 0.285844 0.101781 0.007275 0.561914
0.062722 0.011944 0.276859 0.043230 0.028177 0.577068
0.025251 0.011020 0.499186 0.116244 0.006098 0.342202
0.000010 0.007852 0.320540 0.041687 0.000010 0.629901
0.000010 0.004824 0.274377 0.011991 0.004371 0.704427
0.074515 0.015987 0.309156 0.067878 0.000010 0.532454
0.000010 0.001282 0.308184 0.101757 0.035655 0.553112
0.044680 0.019972 0.391296 0.000010 0.008637 0.535405
0.004083 0.000010 0.229548 0.025121 0.020226 0.721012
0.042259 0.016133 0.239565 0.009085 0.000010 0.692949
0.058626 0.000010 0.140151 0.003550 0.000010 0.797652
0.103133 0.007353 0.288225 0.180384 0.016756 0.404148
0.088750 0.000010 0.191863 0.077427 0.000010 0.641940
0.101254 0.000010 0.164414 0.104551 0.000010 0.629761
0.008711 0.000010 0.130098 0.069370 0.000010 0.791801
0.112350 0.000010 0.178719 0.061905 0.041285 0.605732
0.081946 0.000010 0.187628 0.080508 0.033226 0.616682
0.039117 0.000010 0.198331 0.135968 0.000010 0.626564
0.046265 0.006817 0.180023 0.128201 0.000010 0.638684
0.041566 0.015259 0.120783 0.058624 0.023809 0.739959
0.041777 0.000010 0.232628 0.036300 0.022079 0.667206
0.019568 0.000010 0.185961 0.113467 0.030826 0.650168
0.041660 0.000010 0.153779 0.101356 0.000010 0.703185
0.010840 0.000010 0.249494 0.098554 0.049901 0.591202
0.015581 0.010641 0.233365 0.015198 0.038413 0.686801
0.010530 0.004392 0.509549 0.035594 0.010802 0.429132
0.000010 0.000010 0.132240 0.014048 0.027832 0.825860
0.000010 0.004577 0.041955 0.015747 0.040308 0.897403
0.096804 0.005335 0.229921 0.078225 0.000010 0.589705
0.000010 0.009329 0.406838 0.017411 0.000010 0.566403
0.000013 0.000010 0.586469 0.061782 0.000890 0.350837
0.013326 0.008233 0.300233 0.097489 0.000010 0.580709
0.013170 0.046515 0.240493 0.052335 0.000010 0.647478
0.000010 0.013004 0.407170 0.026621 0.000010 0.553185
0.001330 0.010775 0.379472 0.046466 0.000010 0.561947
0.000010 0.027849 0.386912 0.044406 0.019462 0.521361
0.116004 0.000010 0.389940 0.061278 0.015034 0.417734
0.103311 0.010411 0.317264 0.179005 0.015074 0.374934
0.070751 0.000010 0.324107 0.109867 0.030086 0.465179
0.020978 0.000010 0.185954 0.000010 0.000010 0.793038
0.000010 0.000010 0.195323 0.014433 0.020279 0.769945
0.016757 0.000010 0.170899 0.000010 0.004212 0.808113
0.000010 0.000010 0.131351 0.030196 0.000010 0.838424
0.142395 0.018848 0.259636 0.212588 0.008291 0.358242
0.000010 0.020780 0.356893 0.035584 0.008167 0.578566
0.072526 0.005792 0.130301 0.090278 0.000010 0.701093
0.017045 0.000010 0.134817 0.000010 0.015650 0.832468
0.016454 0.000010 0.153461 0.000010 0.010230 0.819835
0.000010 0.000010 0.211133 0.031714 0.000010 0.757124
0.014918 0.000010 0.426480 0.078012 0.029605 0.450975
0.027834 0.028278 0.363162 0.092225 0.023619 0.464882
0.000010 0.000010 0.370170 0.034759 0.000010 0.595041
0.000010 0.006250 0.369541 0.056401 0.000010 0.567788
0.000846 0.000010 0.014577 0.016089 0.021269 0.947209
0.033454 0.004127 0.001340 0.000010 0.011769 0.949300
0.017437 0.000010 0.017918 0.000010 0.004339 0.960286
0.007052 0.010296 0.000010 0.007331 0.000010 0.975301
0.011775 0.000010 0.000010 0.006728 0.000010 0.981468
0.000010 0.000010 0.000010 0.016420 0.000010 0.983540
0.003224 0.000010 0.000010 0.016136 0.034640 0.945980
0.003605 0.003215 0.001825 0.020556 0.016686 0.954113
0.000010 0.000010 0.004893 0.004283 0.000010 0.990795
0.000010 0.004315 0.016289 0.008548 0.000010 0.970828
0.000010 0.000010 0.000010 0.000010 0.000010 0.999950
0.003967 0.004352 0.000010 0.000010 0.000010 0.991651
0.000010 0.000010 0.000032 0.005425 0.000010 0.994513
0.000010 0.000010 0.000010 0.000010 0.000010 0.999950
0.000010 0.000010 0.000010 0.000010 0.000010 0.999950
0.000010 0.000010 0.005067 0.000010 0.000010 0.994893
0.000010 0.005344 0.000010 0.018004 0.000010 0.976622
0.000010 0.000010 0.000010 0.014852 0.017186 0.967932
0.000010 0.009320 0.000010 0.030610 0.021893 0.938156
0.000010 0.000010 0.003381 0.023595 0.000010 0.972994
0.000010 0.000010 0.000010 0.020044 0.004123 0.975803
0.000010 0.000010 0.000010 0.016545 0.003474 0.979951
0.000010 0.012769 0.003667 0.022279 0.000010 0.961265
0.004029 0.004304 0.000461 0.005345 0.006215 0.979646
0.023552 0.023546 0.210960 0.044268 0.000010 0.697664
0.140799 0.001988 0.242078 0.249085 0.000010 0.366040
0.155499 0.016396 0.312214 0.065053 0.076144 0.374694
0.000010 0.016494 0.709400 0.000010 0.006968 0.267118
0.000010 0.017987 0.455213 0.003914 0.000010 0.522866
0.000010 0.000010 0.694182 0.000010 0.001713 0.304074
0.000010 0.000010 0.999950 0.000010 0.000010 0.000010
0.000010 0.000010 0.457603 0.061860 0.026886 0.453631
0.000010 0.000010 0.651584 0.000010 0.000010 0.348376
0.000010 0.003208 0.011792 0.000010 0.724150 0.260830
0.000010 0.032650 0.039406 0.000010 0.658853 0.269070
0.000010 0.000010 0.027310 0.000010 0.698249 0.274412
0.000010 0.000010 0.010370 0.000010 0.682939 0.306662
0.000010 0.974128 0.000010 0.000010 0.025832 0.000010
0.000010 0.970844 0.000010 0.000010 0.020382 0.008745
0.000010 0.993082 0.000010 0.000010 0.006878 0.000010
0.000010 0.985520 0.003999 0.000010 0.010451 0.000010
0.000010 0.971027 0.000010 0.000010 0.028933 0.000010
0.000010 0.972788 0.013583 0.000010 0.013600 0.000010
0.024836 0.025729 0.000010 0.000010 0.000010 0.949405
0.016600 0.003650 0.000010 0.000010 0.025606 0.954124
0.000010 0.015121 0.006538 0.006498 0.006192 0.965641
0.000010 0.000010 0.016629 0.022406 0.000010 0.960934
0.000010 0.004037 0.002247 0.009010 0.016025 0.968671
0.000010 0.008169 0.000010 0.015734 0.011156 0.964921
0.020235 0.000010 0.000010 0.004394 0.001896 0.973456
0.000010 0.011345 0.000010 0.022045 0.000665 0.965926
0.000010 0.000010 0.000010 0.001411 0.024894 0.973666
0.000010 0.000010 0.000010 0.009531 0.008568 0.981871
0.000010 0.006285 0.010459 0.021529 0.000010 0.961707
0.017061 0.004350 0.018937 0.000010 0.000010 0.959631
0.014325 0.000010 0.000010 0.002358 0.017033 0.966265
0.000010 0.003115 0.000010 0.019450 0.008335 0.969080
0.012393 0.000010 0.000010 0.011608 0.000010 0.975969
0.000010 0.000010 0.005249 0.019554 0.006959 0.968217
0.000010 0.000010 0.000010 0.009151 0.000010 0.990809
0.000010 0.009760 0.003696 0.025865 0.010344 0.950325
0.036975 0.000010 0.000010 0.026306 0.001130 0.935570
0.033925 0.015085 0.014202 0.016812 0.000010 0.919966
0.000010 0.000010 0.000010 0.000010 0.007889 0.992071
0.000010 0.000010 0.000010 0.015004 0.010073 0.974892
0.000010 0.000010 0.000010 0.042167 0.029208 0.928595
0.023976 0.000010 0.000010 0.020275 0.000010 0.955719
0.007621 0.000010 0.000010 0.000010 0.021427 0.970922
0.012361 0.013340 0.003905 0.000010 0.000010 0.970374
0.000010 0.001196 0.011617 0.009087 0.000010 0.978080
0.000010 0.003325 0.000010 0.000010 0.035038 0.961606
0.005271 0.000010 0.005511 0.003519 0.000010 0.985678
0.004764 0.017372 0.000010 0.000010 0.000010 0.977833
0.000010 0.000010 0.005569 0.012687 0.000010 0.981715
0.013551 0.000010 0.000972 0.000010 0.000010 0.985447
0.000010 0.000010 0.000010 0.000010 0.022560 0.977400
0.002525 0.001586 0.000010 0.006898 0.000010 0.988970
0.000010 0.000010 0.015500 0.018610 0.000010 0.965859
0.000010 0.000010 0.000010 0.017701 0.000118 0.982152
0.000010 0.000010 0.000010 0.046300 0.000010 0.953660
0.006452 0.000010 0.010330 0.045888 0.007951 0.929369
0.000010 0.001359 0.000010 0.013246 0.000010 0.985365
0.000010 0.001521 0.000010 0.016458 0.034247 0.947755
0.000010 0.000010 0.018414 0.000010 0.000010 0.981546
0.000010 0.000010 0.000010 0.000010 0.000010 0.999950
0.000010 0.008243 0.000010 0.026041 0.043314 0.922382
0.023746 0.004509 0.009846 0.000413 0.003340 0.958145
0.022042 0.000010 0.000010 0.000010 0.000010 0.977918
0.018575 0.000010 0.014147 0.003826 0.000010 0.963432
0.016098 0.000010 0.006964 0.005907 0.010907 0.960114
0.000010 0.000010 0.000010 0.018243 0.025193 0.956534
0.000010 0.003032 0.000010 0.008678 0.000010 0.988260
0.000010 0.000010 0.008793 0.000781 0.022542 0.967864
0.000010 0.010690 0.000010 0.015163 0.000010 0.974117
0.025050 0.000010 0.000010 0.000010 0.049930 0.924990
0.000010 0.000010 0.012757 0.007989 0.037007 0.942227
0.016299 0.008396 0.001052 0.000010 0.000010 0.974233
0.000010 0.000010 0.010436 0.018471 0.010419 0.960654
0.000010 0.000010 0.000010 0.006882 0.041928 0.951161
0.006863 0.000010 0.002311 0.013572 0.000010 0.977234
0.029379 0.006432 0.000010 0.000010 0.001176 0.962992
0.000010 0.000010 0.000010 0.022500 0.004299 0.973171
0.002109 0.000010 0.005842 0.000010 0.000010 0.992020
0.000010 0.000010 0.006704 0.013275 0.000010 0.979991
0.000010 0.000010 0.000010 0.013523 0.000010 0.986437
0.000010 0.000010 0.004691 0.005778 0.030429 0.959081
0.005300 0.004456 0.000010 0.000010 0.000010 0.990214
0.000010 0.000010 0.000010 0.003038 0.000010 0.996922
0.009042 0.000010 0.000010 0.000010 0.010320 0.980608
0.000010 0.000010 0.000010 0.008087 0.030339 0.961544
0.005725 0.000010 0.016816 0.012604 0.000010 0.964835
0.012767 0.000010 0.000010 0.000010 0.019578 0.967625
0.003464 0.000010 0.005804 0.000010 0.002083 0.988629
0.000010 0.000010 0.000010 0.000010 0.000010 0.999950
0.000010 0.001507 0.000152 0.000010 0.005170 0.993151
0.000010 0.000010 0.003582 0.000010 0.010153 0.986235
0.000010 0.993241 0.000010 0.000010 0.006719 0.000010
0.000010 0.987183 0.000010 0.000010 0.012777 0.000010
0.000010 0.987707 0.000010 0.000010 0.012253 0.000010
0.000010 0.985339 0.000010 0.000010 0.014621 0.000010
0.000010 0.976454 0.001741 0.000010 0.021775 0.000010
0.000010 0.993393 0.000010 0.000010 0.006567 0.000010
0.000010 0.999950 0.000010 0.000010 0.000010 0.000010
0.000010 0.973788 0.000010 0.000010 0.026172 0.000010
0.000010 0.983854 0.007641 0.000010 0.008476 0.000010
0.000010 0.982063 0.002796 0.000010 0.015111 0.000010
0.000010 0.991839 0.008121 0.000010 0.000010 0.000010
0.000010 0.999950 0.000010 0.000010 0.000010 0.000010
0.000010 0.979211 0.000010 0.000010 0.020749 0.000010
0.000010 0.973591 0.006194 0.000010 0.020185 0.000010
0.000010 0.999138 0.000822 0.000010 0.000010 0.000010
0.000010 0.957522 0.000010 0.000010 0.042438 0.000010
0.000010 0.980591 0.000010 0.000010 0.000010 0.019369
0.000010 0.979319 0.000288 0.000010 0.020362 0.000010
0.000010 0.996844 0.000010 0.000010 0.003116 0.000010
0.000010 0.987302 0.000010 0.000010 0.012658 0.000010
0.000010 0.986260 0.003433 0.000010 0.010278 0.000010
0.000010 0.990294 0.000010 0.000010 0.009666 0.000010
0.000010 0.957057 0.004877 0.000010 0.029663 0.008383
0.000010 0.989767 0.000010 0.000010 0.008559 0.001644
0.000010 0.963937 0.000010 0.000010 0.036023 0.000010
0.000010 0.962759 0.000010 0.000010 0.037201 0.000010
0.000010 0.962535 0.000010 0.000010 0.037425 0.000010
0.000010 0.970284 0.000010 0.000010 0.025827 0.003859
0.000010 0.975688 0.000010 0.000010 0.024272 0.000010
0.000010 0.958763 0.000010 0.000010 0.039851 0.001356
0.000010 0.961527 0.004802 0.004506 0.029145 0.000010
0.000010 0.968246 0.000010 0.000010 0.031714 0.000010
0.000010 0.962705 0.000010 0.000010 0.037255 0.000010
0.000010 0.968242 0.006625 0.000010 0.025103 0.000010
0.000010 0.950370 0.009033 0.000010 0.040567 0.000010
0.000010 0.983124 0.000010 0.000010 0.016836 0.000010
0.000010 0.952367 0.000010 0.000010 0.044791 0.002812
0.000010 0.947370 0.009000 0.000010 0.043600 0.000010
0.000010 0.976844 0.000010 0.000010 0.023116 0.000010
0.000010 0.982143 0.000010 0.000010 0.000010 0.017817
0.000010 0.978721 0.000010 0.000010 0.021239 0.000010
0.000020 0.946553 0.001926 0.000010 0.051481 0.000010
0.000010 0.967681 0.000010 0.000010 0.032279 0.000010
0.000010 0.964891 0.000010 0.000010 0.035069 0.000010
0.000010 0.962955 0.000010 0.000010 0.023580 0.013435
0.000010 0.981438 0.000010 0.000010 0.018522 0.000010
0.000010 0.964672 0.018789 0.000010 0.011596 0.004923
0.000010 0.965398 0.000010 0.000010 0.034562 0.000010
0.000010 0.950274 0.000010 0.000010 0.049686 0.000010
0.000010 0.967498 0.010975 0.000010 0.018253 0.003253
0.000010 0.965450 0.007629 0.000010 0.019908 0.006993
0.000010 0.932183 0.000010 0.000010 0.067777 0.000010
0.000010 0.964263 0.000010 0.000010 0.035697 0.000010
0.000010 0.985348 0.000010 0.000010 0.014612 0.000010
0.000010 0.955669 0.020408 0.000010 0.023893 0.000010
0.000010 0.954518 0.014040 0.000010 0.026862 0.004559
0.392636 0.014375 0.000010 0.427907 0.016738 0.148334
0.257850 0.049549 0.013961 0.283170 0.347839 0.047631
0.367055 0.000010 0.000010 0.588301 0.008165 0.036459
0.355333 0.000010 0.008432 0.506237 0.000010 0.129979
0.364123 0.000010 0.011788 0.575538 0.000010 0.048531
0.374604 0.000010 0.027492 0.494073 0.000010 0.103812
0.430503 0.003593 0.000010 0.534937 0.008229 0.022728
0.307822 0.000010 0.010946 0.560623 0.000010 0.120589
0.027265 0.010868 0.720996 0.042847 0.017237 0.180787
0.084186 0.005018 0.590356 0.039829 0.000010 0.280601
0.297081 0.001566 0.001446 0.593051 0.000010 0.106846
0.362407 0.000010 0.009303 0.596240 0.001283 0.030757
0.309899 0.000010 0.003573 0.582312 0.003757 0.100449
0.388301 0.008511 0.005226 0.451812 0.000010 0.146140
0.329763 0.002197 0.000010 0.598018 0.000010 0.070002
0.000010 0.000010 0.893012 0.000010 0.000010 0.106948
0.000010 0.000010 0.819760 0.000010 0.013358 0.166851
0.000010 0.000010 0.999947 0.000013 0.000010 0.000010
0.000010 0.012762 0.769433 0.000010 0.000010 0.217775
0.000010 0.000010 0.975758 0.000010 0.000010 0.024202
0.105531 0.036472 0.707258 0.007253 0.055969 0.087519
0.000013 0.000010 0.999947 0.000010 0.000010 0.000010
0.000010 0.000010 0.999950 0.000010 0.000010 0.000010
0.000010 0.000010 0.830324 0.000010 0.022446 0.147199
0.021302 0.023205 0.653179 0.068725 0.015368 0.218221
0.000010 0.000010 0.784932 0.000010 0.000010 0.215028
0.010933 0.002183 0.681723 0.018055 0.000010 0.287096
0.000010 0.000010 0.999950 0.000010 0.000010 0.000010
0.000010 0.000010 0.779132 0.000010 0.000010 0.220828
0.040559 0.000010 0.827788 0.012237 0.029937 0.089469
0.000010 0.000010 0.880405 0.000010 0.000010 0.119555
0.000010 0.416277 0.506492 0.000010 0.000010 0.077202
0.000010 0.000010 0.831654 0.000010 0.000010 0.168306
0.019085 0.020045 0.628148 0.004913 0.000010 0.327798
0.093438 0.028057 0.676785 0.083515 0.071623 0.046581
0.000010 0.003385 0.862361 0.054763 0.000010 0.079471
0.000010 0.019736 0.980224 0.000010 0.000010 0.000010
0.000010 0.000010 0.911698 0.000010 0.011107 0.077165
0.000010 0.000010 0.945341 0.000010 0.000010 0.054619
0.388377 0.000010 0.000010 0.511077 0.000010 0.100516
0.350499 0.000010 0.018478 0.498389 0.000010 0.132615
0.000010 0.000010 0.999950 0.000010 0.000010 0.000010
0.043988 0.000010 0.628830 0.046081 0.003538 0.277554
0.005437 0.018066 0.662823 0.000010 0.007559 0.306105
0.000010 0.000010 0.999950 0.000010 0.000010 0.000010
0.000010 0.005000 0.670732 0.000010 0.000010 0.324237
0.079910 0.000010 0.578191 0.075514 0.000010 0.266365
0.027288 0.021248 0.837118 0.000010 0.000967 0.113368
0.000010 0.000010 0.999950 0.000010 0.000010 0.000010
0.000010 0.000010 0.697354 0.000010 0.000010 0.302606
0.000010 0.000010 0.821945 0.000010 0.000010 0.178015
0.000010 0.000010 0.724596 0.000010 0.001991 0.273383
0.000010 0.000010 0.762083 0.017101 0.000010 0.220786
0.000010 0.000010 0.796891 0.000010 0.000010 0.203069
0.340141 0.002377 0.009594 0.560338 0.000010 0.087542
0.348698 0.000010 0.001883 0.517407 0.011573 0.120429
0.209272 0.000010 0.000235 0.351123 0.000010 0.439349
0.307133 0.017852 0.000010 0.537631 0.000010 0.137364
0.303957 0.000010 0.000010 0.604034 0.018209 0.073779
0.000010 0.000010 0.762891 0.002407 0.028494 0.206187
0.000010 0.000010 0.923847 0.000010 0.011903 0.064220
0.000010 0.000010 0.898719 0.000010 0.002019 0.099232
0.000010 0.000010 0.808701 0.000010 0.000010 0.191259
0.000010 0.000010 0.853032 0.000010 0.000010 0.146928
0.114399 0.000010 0.319458 0.259102 0.000010 0.307021
0.000010 0.000010 0.857669 0.000010 0.000010 0.142291
0.311614 0.000010 0.000010 0.522315 0.000010 0.166041
